rec_time	UTC	Dikablis Professional Wireless  (DGW18050)_Eye Data_Original_Pupil X	Dikablis Professional Wireless  (DGW18050)_Eye Data_Original_Pupil Y	Dikablis Professional Wireless  (DGW18050)_Eye Data_Original_Left Eye_Pupil X	Dikablis Professional Wireless  (DGW18050)_Eye Data_Original_Left Eye_Pupil Y	Dikablis Professional Wireless  (DGW18050)_Eye Data_Original_Left Eye_Pupil Area	Dikablis Professional Wireless  (DGW18050)_Eye Data_Original_Left Eye_Pupil Height	Dikablis Professional Wireless  (DGW18050)_Eye Data_Original_Left Eye_Pupil Width	Dikablis Professional Wireless  (DGW18050)_Eye Data_Original_Left Eye_Fixations_Fixations	Dikablis Professional Wireless  (DGW18050)_Eye Data_Original_Left Eye_Fixations_Fixations Duration	Dikablis Professional Wireless  (DGW18050)_Eye Data_Original_Left Eye_Saccades_Saccades	Dikablis Professional Wireless  (DGW18050)_Eye Data_Original_Left Eye_Saccades_Saccades Duration	Dikablis Professional Wireless  (DGW18050)_Eye Data_Original_Left Eye_Saccades_Saccades Angle
00:00:00.117	1557996974136	243.889	134.251	243.889	134.251	228.35	18.69	15.556	0	0	0	0	0
00:00:00.133	1557996974152	54.898	50.478	54.898	50.478	2642.712	66.919	50.282	0	0	0	0	0
00:00:00.150	1557996974169	227.89	128.333	227.89	128.333	468.757	29.827	20.01	0	0	0	0	0
00:00:00.167	1557996974186	0	0	0	0	0	0	0	0	0	0	0	0
00:00:00.183	1557996974202	221.207	123.942	221.207	123.942	641.595	31.933	25.581	0	0	0	0	0
00:00:00.200	1557996974219	192.742	133.837	220.099	123.551	559.559	30.068	23.694	0	0	0	0	0
00:00:00.217	1557996974236	192.134	133.489	218.883	122.856	582.781	31.627	23.461	0	0	0	0	0
00:00:00.233	1557996974252	218.874	122.38	218.874	122.38	449.99	30.008	19.093	0	0	0	0	0
00:00:00.250	1557996974269	216.624	121.946	216.624	121.946	515.364	28.901	22.705	0	0	0	0	0
00:00:00.267	1557996974286	216.414	122.326	216.414	122.326	491.919	29.953	20.911	0	0	0	0	0
00:00:00.283	1557996974302	191.211	132.876	214.961	122.108	521.399	28.538	23.262	0	0	0	0	0
00:00:00.300	1557996974319	214.521	122.461	214.521	122.461	515.288	29.308	22.386	0	0	0	0	0
00:00:00.317	1557996974336	189.812	133.248	214.592	122.387	548.525	30.799	22.677	0	0	0	0	0
00:00:00.333	1557996974352	188.488	134.409	213.319	122.794	585.236	30.464	24.46	0	0	0	0	0
00:00:00.350	1557996974369	185.669	132.531	209.387	121.473	475.078	25.898	23.356	0	0	0	0	0
00:00:00.367	1557996974386	179.843	132.247	203.749	121.621	490.701	28.984	21.556	0	0	0	0	0
00:00:00.383	1557996974402	180.205	132.121	203.832	121.023	545.183	32.659	21.254	0	0	0	0	0
00:00:00.400	1557996974419	0	0	0	0	0	0	0	0	0	0	0	0
00:00:00.417	1557996974436	155.01	144.025	203.705	120.53	483.601	30.643	20.094	0	0	0	0	0
00:00:00.433	1557996974452	0	0	0	0	0	0	0	0	0	0	0	0
00:00:00.450	1557996974469	0	0	204.071	121.379	515.406	32.19	20.386	0	0	0	0	0
00:00:00.467	1557996974486	180.406	132.408	205	120.98	488.767	30.52	20.391	0	0	0	0	0
00:00:00.483	1557996974502	0	0	205.021	121.727	600.417	30.863	24.77	0	0	0	0	0
00:00:00.500	1557996974519	0	0	208.581	120.345	401.167	28.834	17.715	0	0	0	0	0
00:00:00.517	1557996974536	182.428	131.945	206.229	120.841	504.139	29.33	21.885	0	0	0	0	0
00:00:00.533	1557996974552	0	0	206.771	121.172	431.848	29.11	18.889	0	0	0	0	0
00:00:00.550	1557996974569	0	0	207.529	122.756	485.976	29.433	21.023	0	0	0	0	0
00:00:00.567	1557996974586	185.034	133.243	207.257	122.581	408.418	28.855	18.022	0	0	0	0	0
00:00:00.583	1557996974602	0	0	209.727	120.923	376.206	26.899	17.807	0	0	0	0	0
00:00:00.600	1557996974619	0	0	209.341	121.223	414.861	29.137	18.129	0	0	0	0	0
00:00:00.617	1557996974636	186.823	133.178	210.089	121.56	477.032	29.753	20.414	0	0	0	0	0
00:00:00.633	1557996974652	0	0	211.826	122.04	466.983	26.598	22.354	0	0	0	0	0
00:00:00.650	1557996974669	0	0	212.033	120.826	478.392	28.613	21.288	0	0	0	0	0
00:00:00.667	1557996974686	0	0	0	0	0	0	0	0	0	0	0	0
00:00:00.683	1557996974702	189.664	130.57	214.053	120.35	528.845	29.882	22.534	0	0	0	0	0
00:00:00.700	1557996974719	217.753	120.278	217.753	120.278	437.718	29.621	18.815	0	0	0	0	0
00:00:00.717	1557996974736	191.594	129.494	217.431	119.171	546.999	27.782	25.069	0	0	0	0	0
00:00:00.733	1557996974752	220.123	120.526	220.123	120.526	442.558	30.178	18.672	0	0	0	0	0
00:00:00.750	1557996974769	218.72	119.904	218.72	119.904	533.795	31.043	21.893	0	0	0	0	0
00:00:00.767	1557996974786	195.496	130.193	221.247	119.758	519.503	30.777	21.492	0	0	0	0	0
00:00:00.783	1557996974802	195.015	130.686	221.572	119.413	530.577	30.17	22.392	0	0	0	0	0
00:00:00.800	1557996974819	222.26	120.731	222.26	120.731	485.43	30.516	20.254	0	0	0	0	0
00:00:00.817	1557996974836	222.091	120.231	222.091	120.231	527.453	33.248	20.199	0	0	0	0	0
00:00:00.833	1557996974852	222.849	121.335	222.849	121.335	517.259	31.009	21.239	0	0	0	0	0
00:00:00.850	1557996974869	222.088	120.186	222.088	120.186	594.696	32.54	23.27	0	0	0	0	0
00:00:00.867	1557996974886	222.863	119.689	222.863	119.689	589.58	31.812	23.597	0	0	0	0	0
00:00:00.883	1557996974902	223.354	118.417	223.354	118.417	615.478	29.86	26.244	0	0	0	0	0
00:00:00.900	1557996974919	223.499	120.901	223.499	120.901	561.983	32.267	22.175	0	0	0	0	0
00:00:00.917	1557996974936	223.891	120.557	223.891	120.557	525.348	32.348	20.678	0	0	0	0	0
00:00:00.933	1557996974952	223.908	120.581	223.908	120.581	533.159	30.751	22.075	0	0	0	0	0
00:00:00.950	1557996974969	224.09	119.418	224.09	119.418	603.62	30.751	24.993	0	0	0	0	0
00:00:00.967	1557996974986	224.281	121.42	224.281	121.42	534.872	32.28	21.097	0	0	0	0	0
00:00:00.983	1557996975002	224.098	120.115	224.098	120.115	534.029	31.623	21.502	0	0	0	0	0
00:00:01.000	1557996975019	224.73	120.827	224.73	120.827	531.435	31.381	21.563	0	0	0	0	0
00:00:01.017	1557996975036	225.129	120.809	225.129	120.809	521.233	29.959	22.152	0	0	0	0	0
00:00:01.033	1557996975052	224.562	120.098	224.562	120.098	538.486	30.579	22.422	0	0	0	0	0
00:00:01.050	1557996975069	223.945	120.068	223.945	120.068	611.073	30.959	25.131	0	0	0	0	0
00:00:01.067	1557996975086	224.559	121.425	224.559	121.425	509.217	30.416	21.316	0	0	0	0	0
00:00:01.083	1557996975102	224.946	120.28	224.946	120.28	551.264	29.199	24.038	0	0	0	0	0
00:00:01.100	1557996975119	224.656	119.922	224.656	119.922	580.185	30.534	24.193	0	0	0	0	0
00:00:01.117	1557996975136	224.404	120.031	224.404	120.031	588.935	32.63	22.98	0	0	0	0	0
00:00:01.133	1557996975152	224.699	120.238	224.699	120.238	526.044	31.416	21.32	0	0	0	0	0
00:00:01.150	1557996975169	224.413	121.289	224.413	121.289	554.326	30.87	22.864	0	0	0	0	0
00:00:01.167	1557996975186	225.259	120.926	225.259	120.926	523.751	31.442	21.209	0	0	0	0	0
00:00:01.183	1557996975202	225.383	119.158	225.383	119.158	586.734	30.484	24.506	0	0	0	0	0
00:00:01.200	1557996975219	0	0	0	0	0	0	0	0	0	0	0	0
00:00:01.217	1557996975236	226.726	119.888	226.726	119.888	499.921	29.58	21.518	0	0	0	0	0
00:00:01.233	1557996975252	226.303	119.413	226.303	119.413	574.062	31.205	23.423	0	0	0	0	0
00:00:01.250	1557996975269	154.007	107.119	133.318	75.179	316.942	23.808	16.95	0	0	0	0	0
00:00:01.267	1557996975286	226.078	119.539	226.078	119.539	539.476	30.089	22.828	0	0	0	0	0
00:00:01.283	1557996975302	225.89	119.026	225.89	119.026	532.59	31.268	21.687	0	0	0	0	0
00:00:01.300	1557996975319	226.74	119.6	226.74	119.6	466.37	31.251	19.001	0	0	0	0	0
00:00:01.317	1557996975336	226.328	119.212	226.328	119.212	543.53	31.926	21.676	0	0	0	0	0
00:00:01.333	1557996975352	226.633	119.633	226.633	119.633	493.381	30.76	20.423	0	0	0	0	0
00:00:01.350	1557996975369	225.647	118.801	225.647	118.801	526.577	30.721	21.824	0	0	0	0	0
00:00:01.367	1557996975386	225.519	119.873	225.519	119.873	493.584	32.284	19.466	0	0	0	0	0
00:00:01.383	1557996975402	201.517	128.979	225.222	118.864	570.626	31.021	23.421	0	0	0	0	0
00:00:01.400	1557996975419	225.945	119.47	225.945	119.47	527.726	30.648	21.924	0	0	0	0	0
00:00:01.417	1557996975436	225.739	119.671	225.739	119.671	502.532	32.291	19.815	0	0	0	0	0
00:00:01.433	1557996975452	225.422	120.431	225.422	120.431	521.151	31.989	20.743	0	0	0	0	0
00:00:01.450	1557996975469	226.113	118.443	226.113	118.443	508.526	30.728	21.071	0	0	0	0	0
00:00:01.467	1557996975486	0	0	0	0	0	0	0	0	0	0	0	0
00:00:01.483	1557996975502	227.14	116.838	227.14	116.838	471.391	29.655	20.24	0	0	0	0	0
00:00:01.500	1557996975519	227.89	117.935	227.89	117.935	462.872	30.379	19.4	0	0	0	0	0
00:00:01.517	1557996975536	201.795	125.299	0	0	0	0	0	0	0	0	0	0
00:00:01.533	1557996975552	0	0	227.473	117.201	474.133	28.691	21.041	0	0	0	0	0
00:00:01.550	1557996975569	227.062	116.876	227.062	116.876	463.707	29.707	19.874	0	0	0	0	0
00:00:01.567	1557996975586	226.81	117.333	226.81	117.333	497.402	30.289	20.909	0	0	0	0	0
00:00:01.583	1557996975602	0	0	0	0	0	0	0	0	0	0	0	0
00:00:01.600	1557996975619	0	0	0	0	0	0	0	0	0	0	0	0
00:00:01.617	1557996975636	199.983	103.014	0	0	0	0	0	0	0	0	0	0
00:00:01.633	1557996975652	0	0	227.646	80.613	535.874	32.218	21.178	0	0	0	0	0
00:00:01.650	1557996975669	0	0	226.619	79.757	551.814	32.373	21.703	0	0	0	0	0
00:00:01.667	1557996975686	200.184	102.415	226.709	80.985	556.436	32.446	21.836	0	0	0	0	0
00:00:01.683	1557996975702	0	0	226.565	80.498	565.352	32.185	22.365	0	0	0	0	0
00:00:01.700	1557996975719	226.231	81.079	226.231	81.079	560.853	32.4	22.04	0	0	0	0	0
00:00:01.717	1557996975736	199.933	101.495	226.304	79.894	571.621	32.64	22.298	0	0	0	0	0
00:00:01.733	1557996975752	199.351	102.253	226.315	80.607	574.649	32.491	22.519	0	0	0	0	0
00:00:01.750	1557996975769	199.03	101.694	225.979	79.875	555.336	32.733	21.601	0	0	0	0	0
00:00:01.767	1557996975786	200.162	102.541	226.111	80.883	583.338	32.652	22.747	0	0	0	0	0
00:00:01.783	1557996975802	200.311	101.285	226.229	79.567	542.393	32.538	21.224	0	0	0	0	0
00:00:01.800	1557996975819	200.41	102.056	225.876	81.132	578.86	32.377	22.764	0	0	0	0	0
00:00:01.817	1557996975836	200.711	102.199	225.896	80.106	556.146	32.211	21.983	0	0	0	0	0
00:00:01.833	1557996975852	199.489	102.66	225.849	80.837	564.207	32.183	22.322	0	0	0	0	0
00:00:01.850	1557996975869	199.534	101.421	225.998	79.86	539.306	32.462	21.153	0	0	0	0	0
00:00:01.867	1557996975886	199.591	102.871	226.402	80.754	575.927	33.973	21.585	0	0	0	0	0
00:00:01.883	1557996975902	198.921	101.876	225.265	80.447	576.895	34.779	21.12	0	0	0	0	0
00:00:01.900	1557996975919	193.856	102.505	220.275	80.942	498.912	32.034	19.83	0	0	0	0	0
00:00:01.917	1557996975936	190.731	102.587	216.285	80.964	518.398	32.473	20.326	0	0	0	0	0
00:00:01.933	1557996975952	0	0	0	0	0	0	0	0	0	0	0	0
00:00:01.950	1557996975969	0	0	216.303	80.95	528.648	32.165	20.926	0	0	0	0	0
00:00:01.967	1557996975986	191.325	102.727	216.399	81.258	534.396	32.684	20.818	0	0	0	0	0
00:00:01.983	1557996976002	0	0	216.527	80.562	525.76	32.935	20.326	0	0	0	0	0
00:00:02.000	1557996976019	0	0	217.01	81.585	551.567	32.798	21.412	0	0	0	0	0
00:00:02.017	1557996976036	193.001	102.497	56.276	49.521	1988.998	63.883	39.642	0	0	0	0	0
00:00:02.033	1557996976052	0	0	218.331	81.184	560.81	33.468	21.335	0	0	0	0	0
00:00:02.050	1557996976069	0	0	214.118	80.019	519.741	32.106	20.611	0	0	0	0	0
00:00:02.067	1557996976086	177.363	100.85	206.527	80.012	495.075	31.023	20.319	0	0	0	0	0
00:00:02.083	1557996976102	0	0	199.604	79.408	517.297	32.064	20.541	0	0	0	0	0
00:00:02.100	1557996976119	0	0	198.726	79.602	534.148	32.656	20.826	0	0	0	0	0
00:00:02.117	1557996976136	176.141	100.785	199.97	79.042	549.908	32.982	21.229	0	0	0	0	0
00:00:02.133	1557996976152	0	0	201.296	79.319	569.917	33.071	21.942	0	0	0	0	0
00:00:02.150	1557996976169	0	0	203.905	78.573	585.942	33.483	22.281	0	0	0	0	0
00:00:02.167	1557996976186	181.902	101.18	205.259	79.498	583.304	33.45	22.203	0	0	0	0	0
00:00:02.183	1557996976202	0	0	206.774	79.614	621.931	32.785	24.153	0	0	0	0	0
00:00:02.200	1557996976219	0	0	208.084	79.567	611.829	33.659	23.144	0	0	0	0	0
00:00:02.217	1557996976236	185.998	100.628	209.898	78.729	634.728	35.699	22.638	0	0	0	0	0
00:00:02.233	1557996976252	0	0	211.414	79.484	640.252	35.322	23.079	0	0	0	0	0
00:00:02.250	1557996976269	0	0	212.209	79.043	656.713	36.19	23.105	0	0	0	0	0
00:00:02.267	1557996976286	165.219	122.555	213.747	79.832	653.002	34.867	23.846	0	0	0	0	0
00:00:02.283	1557996976302	0	0	0	0	0	0	0	0	0	0	0	0
00:00:02.300	1557996976319	0	0	0	0	0	0	0	0	0	0	0	0
00:00:02.317	1557996976336	148.213	129.216	0	0	0	0	0	0	0	0	0	0
00:00:02.333	1557996976352	0	0	0	0	0	0	0	0	0	0	0	0
00:00:02.350	1557996976369	0	0	0	0	0	0	0	0	0	0	0	0
00:00:02.367	1557996976386	152.943	129.081	0	0	0	0	0	0	0	0	0	0
00:00:02.383	1557996976402	0	0	0	0	0	0	0	0	0	0	0	0
00:00:02.400	1557996976419	0	0	0	0	0	0	0	0	0	0	0	0
00:00:02.417	1557996976436	155.939	127.816	0	0	0	0	0	0	0	0	0	0
00:00:02.433	1557996976452	0	0	0	0	0	0	0	0	0	0	0	0
00:00:02.450	1557996976469	0	0	0	0	0	0	0	0	0	0	0	0
00:00:02.467	1557996976486	158.105	127.359	0	0	0	0	0	0	0	0	0	0
00:00:02.483	1557996976502	0	0	0	0	0	0	0	0	0	0	0	0
00:00:02.500	1557996976519	0	0	0	0	0	0	0	0	0	0	0	0
00:00:02.517	1557996976536	0	0	0	0	0	0	0	0	0	0	0	0
00:00:02.533	1557996976552	0	0	0	0	0	0	0	0	0	0	0	0
00:00:02.550	1557996976569	0	0	0	0	0	0	0	0	0	0	0	0
00:00:02.567	1557996976586	0	0	0	0	0	0	0	0	0	0	0	0
00:00:02.583	1557996976602	55.27	53.427	55.27	53.427	1806.541	59.873	38.417	0	0	0	0	0
00:00:02.600	1557996976619	0	0	0	0	0	0	0	0	0	0	0	0
00:00:02.617	1557996976636	155.986	127.88	0	0	0	0	0	0	0	0	0	0
00:00:02.633	1557996976652	0	0	0	0	0	0	0	0	0	0	0	0
00:00:02.650	1557996976669	0	0	0	0	0	0	0	0	0	0	0	0
00:00:02.667	1557996976686	156.532	128.352	0	0	0	0	0	0	0	0	0	0
00:00:02.683	1557996976702	0	0	0	0	0	0	0	0	0	0	0	0
00:00:02.700	1557996976719	0	0	0	0	0	0	0	0	0	0	0	0
00:00:02.717	1557996976736	158.174	127.123	0	0	0	0	0	0	0	0	0	0
00:00:02.733	1557996976752	0	0	0	0	0	0	0	0	0	0	0	0
00:00:02.750	1557996976769	0	0	0	0	0	0	0	0	0	0	0	0
00:00:02.767	1557996976786	159.488	127.38	53.318	45.648	2687.634	66.318	51.6	0	0	0	0	0
00:00:02.783	1557996976802	0	0	0	0	0	0	0	0	0	0	0	0
00:00:02.800	1557996976819	0	0	0	0	0	0	0	0	0	0	0	0
00:00:02.817	1557996976836	105.849	91.296	0	0	0	0	0	0	0	0	0	0
00:00:02.833	1557996976852	0	0	55.794	50.638	2059.807	62.692	41.834	0	0	0	0	0
00:00:02.850	1557996976869	0	0	0	0	0	0	0	0	0	0	0	0
00:00:02.867	1557996976886	159.051	128.922	0	0	0	0	0	0	0	0	0	0
00:00:02.883	1557996976902	0	0	0	0	0	0	0	0	0	0	0	0
00:00:02.900	1557996976919	0	0	0	0	0	0	0	0	0	0	0	0
00:00:02.917	1557996976936	161.906	127.652	0	0	0	0	0	0	0	0	0	0
00:00:02.933	1557996976952	0	0	0	0	0	0	0	0	0	0	0	0
00:00:02.950	1557996976969	0	0	0	0	0	0	0	0	0	0	0	0
00:00:02.967	1557996976986	163.808	127.879	0	0	0	0	0	0	0	0	0	0
00:00:02.983	1557996977002	0	0	0	0	0	0	0	0	0	0	0	0
00:00:03.000	1557996977019	0	0	0	0	0	0	0	0	0	0	0	0
00:00:03.017	1557996977036	163.27	125.352	0	0	0	0	0	0	0	0	0	0
00:00:03.033	1557996977052	0	0	0	0	0	0	0	0	0	0	0	0
00:00:03.050	1557996977069	0	0	0	0	0	0	0	0	0	0	0	0
00:00:03.067	1557996977086	173.982	129.36	0	0	0	0	0	0	0	0	0	0
00:00:03.083	1557996977102	0	0	0	0	0	0	0	0	0	0	0	0
00:00:03.100	1557996977119	0	0	0	0	0	0	0	0	0	0	0	0
00:00:03.117	1557996977136	0	0	0	0	0	0	0	0	0	0	0	0
00:00:03.133	1557996977152	0	0	0	0	0	0	0	0	0	0	0	0
00:00:03.150	1557996977169	0	0	0	0	0	0	0	0	0	0	0	0
00:00:03.167	1557996977186	0	0	0	0	0	0	0	0	0	0	0	0
00:00:03.183	1557996977202	0	0	0	0	0	0	0	0	0	0	0	0
00:00:03.200	1557996977219	0	0	0	0	0	0	0	0	0	0	0	0
00:00:03.217	1557996977236	176.644	128.844	0	0	0	0	0	0	0	0	0	0
00:00:03.233	1557996977252	0	0	0	0	0	0	0	0	0	0	0	0
00:00:03.250	1557996977269	0	0	0	0	0	0	0	0	0	0	0	0
00:00:03.267	1557996977286	175.12	129.455	0	0	0	0	0	0	0	0	0	0
00:00:03.283	1557996977302	0	0	0	0	0	0	0	0	0	0	0	0
00:00:03.300	1557996977319	0	0	0	0	0	0	0	0	0	0	0	0
00:00:03.317	1557996977336	172.307	128.567	0	0	0	0	0	0	0	0	0	0
00:00:03.333	1557996977352	0	0	0	0	0	0	0	0	0	0	0	0
00:00:03.350	1557996977369	0	0	0	0	0	0	0	0	0	0	0	0
00:00:03.367	1557996977386	169.982	126.687	220.902	82.818	633.219	36.537	22.066	0	0	0	0	0
00:00:03.383	1557996977402	0	0	0	0	0	0	0	0	0	0	0	0
00:00:03.400	1557996977419	0	0	0	0	0	0	0	0	0	0	0	0
00:00:03.417	1557996977436	164.933	124.18	0	0	0	0	0	0	0	0	0	0
00:00:03.433	1557996977452	0	0	0	0	0	0	0	0	0	0	0	0
00:00:03.450	1557996977469	0	0	0	0	0	0	0	0	0	0	0	0
00:00:03.467	1557996977486	169.263	129.702	0	0	0	0	0	0	0	0	0	0
00:00:03.483	1557996977502	0	0	0	0	0	0	0	0	0	0	0	0
00:00:03.500	1557996977519	0	0	0	0	0	0	0	0	0	0	0	0
00:00:03.517	1557996977536	110.576	87.341	0	0	0	0	0	0	0	0	0	0
00:00:03.533	1557996977552	0	0	54.115	46.628	2650.6	67.516	49.986	0	0	0	0	0
00:00:03.550	1557996977569	0	0	0	0	0	0	0	0	0	0	0	0
00:00:03.567	1557996977586	165.583	128.029	0	0	0	0	0	0	0	0	0	0
00:00:03.583	1557996977602	0	0	0	0	0	0	0	0	0	0	0	0
00:00:03.600	1557996977619	0	0	0	0	0	0	0	0	0	0	0	0
00:00:03.617	1557996977636	165.468	127.306	0	0	0	0	0	0	0	0	0	0
00:00:03.633	1557996977652	0	0	0	0	0	0	0	0	0	0	0	0
00:00:03.650	1557996977669	0	0	0	0	0	0	0	0	0	0	0	0
00:00:03.667	1557996977686	165.606	126.945	0	0	0	0	0	0	0	0	0	0
00:00:03.683	1557996977702	0	0	0	0	0	0	0	0	0	0	0	0
00:00:03.700	1557996977719	0	0	0	0	0	0	0	0	0	0	0	0
00:00:03.717	1557996977736	166.185	126.522	0	0	0	0	0	0	0	0	0	0
00:00:03.733	1557996977752	0	0	0	0	0	0	0	0	0	0	0	0
00:00:03.750	1557996977769	0	0	55.767	47.165	2389.464	67.943	44.778	0	0	0	0	0
00:00:03.767	1557996977786	167.687	126.541	0	0	0	0	0	0	0	0	0	0
00:00:03.783	1557996977802	0	0	0	0	0	0	0	0	0	0	0	0
00:00:03.800	1557996977819	0	0	0	0	0	0	0	0	0	0	0	0
00:00:03.817	1557996977836	0	0	0	0	0	0	0	0	0	0	0	0
00:00:03.833	1557996977852	0	0	0	0	0	0	0	0	0	0	0	0
00:00:03.850	1557996977869	0	0	0	0	0	0	0	0	0	0	0	0
00:00:03.867	1557996977886	0	0	0	0	0	0	0	0	0	0	0	0
00:00:03.883	1557996977902	0	0	0	0	0	0	0	0	0	0	0	0
00:00:03.900	1557996977919	0	0	0	0	0	0	0	0	0	0	0	0
00:00:03.917	1557996977936	166.306	126.897	0	0	0	0	0	0	0	0	0	0
00:00:03.933	1557996977952	0	0	0	0	0	0	0	0	0	0	0	0
00:00:03.950	1557996977969	0	0	0	0	0	0	0	0	0	0	0	0
00:00:03.967	1557996977986	167.497	126.002	0	0	0	0	0	0	0	0	0	0
00:00:03.983	1557996978002	0	0	0	0	0	0	0	0	0	0	0	0
00:00:04.000	1557996978019	0	0	218.136	83.738	735.192	38.699	24.189	0	0	0	0	0
00:00:04.017	1557996978036	168.311	127.127	0	0	0	0	0	0	0	0	0	0
00:00:04.033	1557996978052	0	0	0	0	0	0	0	0	0	0	0	0
00:00:04.050	1557996978069	0	0	0	0	0	0	0	0	0	0	0	0
00:00:04.067	1557996978086	0	0	0	0	0	0	0	0	0	0	0	0
00:00:04.083	1557996978102	0	0	0	0	0	0	0	0	0	0	0	0
00:00:04.100	1557996978119	0	0	0	0	0	0	0	0	0	0	0	0
00:00:04.117	1557996978136	0	0	0	0	0	0	0	0	0	0	0	0
00:00:04.133	1557996978152	0	0	0	0	0	0	0	0	0	0	0	0
00:00:04.150	1557996978169	0	0	0	0	0	0	0	0	0	0	0	0
00:00:04.167	1557996978186	197.403	101.432	222.814	79.743	868.253	42.807	25.825	0	0	0	0	0
00:00:04.183	1557996978202	196.896	100.626	222.014	78.928	843.344	41.627	25.795	0	0	0	0	0
00:00:04.200	1557996978219	196.226	101.613	221.636	80.655	887.174	40.454	27.923	0	0	0	0	0
00:00:04.217	1557996978236	196.115	101.418	221.675	79.495	869.945	42.672	25.957	0	0	0	0	0
00:00:04.233	1557996978252	195.644	102.118	221.125	80.66	874.354	41.768	26.654	0	0	0	0	0
00:00:04.250	1557996978269	195.115	101.553	220.266	79.897	849.11	42.203	25.617	0	0	0	0	0
00:00:04.267	1557996978286	194.934	102.293	219.992	80.478	828.836	41.522	25.415	0	0	0	0	0
00:00:04.283	1557996978302	0	0	0	0	0	0	0	0	0	0	0	0
00:00:04.300	1557996978319	0	0	0	0	0	0	0	0	0	0	0	0
00:00:04.317	1557996978336	168.937	124.723	0	0	0	0	0	0	0	0	0	0
00:00:04.333	1557996978352	0	0	0	0	0	0	0	0	0	0	0	0
00:00:04.350	1557996978369	0	0	0	0	0	0	0	0	0	0	0	0
00:00:04.367	1557996978386	167.807	125.975	217.519	81.667	827.536	40.572	25.97	0	0	0	0	0
00:00:04.383	1557996978402	0	0	0	0	0	0	0	0	0	0	0	0
00:00:04.400	1557996978419	0	0	53.695	45.161	2828.383	69.022	52.175	0	0	0	0	0
00:00:04.417	1557996978436	110.396	88.505	0	0	0	0	0	0	0	0	0	0
00:00:04.433	1557996978452	0	0	54.314	51.481	2073.206	62.344	42.341	0	0	0	0	0
00:00:04.450	1557996978469	0	0	0	0	0	0	0	0	0	0	0	0
00:00:04.467	1557996978486	168.899	124.837	0	0	0	0	0	0	0	0	0	0
00:00:04.483	1557996978502	0	0	0	0	0	0	0	0	0	0	0	0
00:00:04.500	1557996978519	0	0	0	0	0	0	0	0	0	0	0	0
00:00:04.517	1557996978536	175.404	125.575	0	0	0	0	0	0	0	0	0	0
00:00:04.533	1557996978552	0	0	0	0	0	0	0	0	0	0	0	0
00:00:04.550	1557996978569	0	0	0	0	0	0	0	0	0	0	0	0
00:00:04.567	1557996978586	174.7	127.126	0	0	0	0	0	0	0	0	0	0
00:00:04.583	1557996978602	0	0	0	0	0	0	0	0	0	0	0	0
00:00:04.600	1557996978619	0	0	0	0	0	0	0	0	0	0	0	0
00:00:04.617	1557996978636	0	0	0	0	0	0	0	0	0	0	0	0
00:00:04.633	1557996978652	0	0	0	0	0	0	0	0	0	0	0	0
00:00:04.650	1557996978669	0	0	0	0	0	0	0	0	0	0	0	0
00:00:04.667	1557996978686	169.961	126.381	0	0	0	0	0	0	0	0	0	0
00:00:04.683	1557996978702	0	0	0	0	0	0	0	0	0	0	0	0
00:00:04.700	1557996978719	0	0	0	0	0	0	0	0	0	0	0	0
00:00:04.717	1557996978736	167.219	125.783	0	0	0	0	0	0	0	0	0	0
00:00:04.733	1557996978752	0	0	0	0	0	0	0	0	0	0	0	0
00:00:04.750	1557996978769	0	0	0	0	0	0	0	0	0	0	0	0
00:00:04.767	1557996978786	166.656	126.29	0	0	0	0	0	0	0	0	0	0
00:00:04.783	1557996978802	0	0	0	0	0	0	0	0	0	0	0	0
00:00:04.800	1557996978819	0	0	0	0	0	0	0	0	0	0	0	0
00:00:04.817	1557996978836	164.115	126.716	0	0	0	0	0	0	0	0	0	0
00:00:04.833	1557996978852	0	0	0	0	0	0	0	0	0	0	0	0
00:00:04.850	1557996978869	0	0	0	0	0	0	0	0	0	0	0	0
00:00:04.867	1557996978886	166.169	127.116	0	0	0	0	0	0	0	0	0	0
00:00:04.883	1557996978902	0	0	0	0	0	0	0	0	0	0	0	0
00:00:04.900	1557996978919	0	0	0	0	0	0	0	0	0	0	0	0
00:00:04.917	1557996978936	0	0	0	0	0	0	0	0	0	0	0	0
00:00:04.933	1557996978952	237.949	82.676	237.949	82.676	648.119	36.513	22.6	0	0	0	0	0
00:00:04.950	1557996978969	0	0	0	0	0	0	0	0	0	0	0	0
00:00:04.967	1557996978986	0	0	0	0	0	0	0	0	0	0	0	0
00:00:04.983	1557996979002	0	0	0	0	0	0	0	0	0	0	0	0
00:00:05.000	1557996979019	0	0	0	0	0	0	0	0	0	0	0	0
00:00:05.017	1557996979036	0	0	0	0	0	0	0	0	0	0	0	0
00:00:05.033	1557996979052	55.092	47.516	55.092	47.516	2443.359	65.53	47.474	0	0	0	0	0
00:00:05.050	1557996979069	0	0	0	0	0	0	0	0	0	0	0	0
00:00:05.067	1557996979086	0	0	0	0	0	0	0	0	0	0	0	0
00:00:05.083	1557996979102	0	0	0	0	0	0	0	0	0	0	0	0
00:00:05.100	1557996979119	0	0	0	0	0	0	0	0	0	0	0	0
00:00:05.117	1557996979136	0	0	0	0	0	0	0	0	0	0	0	0
00:00:05.133	1557996979152	0	0	0	0	0	0	0	0	0	0	0	0
00:00:05.150	1557996979169	0	0	0	0	0	0	0	0	0	0	0	0
00:00:05.167	1557996979186	232.047	81.846	232.047	81.846	772.536	40.186	24.477	0	0	0	0	0
00:00:05.183	1557996979202	0	0	0	0	0	0	0	0	0	0	0	0
00:00:05.200	1557996979219	0	0	0	0	0	0	0	0	0	0	0	0
00:00:05.217	1557996979236	175.956	121.499	0	0	0	0	0	0	0	0	0	0
00:00:05.233	1557996979252	0	0	0	0	0	0	0	0	0	0	0	0
00:00:05.250	1557996979269	232.09	81.288	232.09	81.288	674.126	36.714	23.379	0	0	0	0	0
00:00:05.267	1557996979286	232.037	82.011	232.037	82.011	689.962	37.974	23.134	0	0	0	0	0
00:00:05.283	1557996979302	231.821	81.137	231.821	81.137	671.769	37.64	22.724	0	0	0	0	0
00:00:05.300	1557996979319	0	0	0	0	0	0	0	0	0	0	0	0
00:00:05.317	1557996979336	0	0	232.514	81.814	675.515	35.65	24.126	0	0	0	0	0
00:00:05.333	1557996979352	0	0	0	0	0	0	0	0	0	0	0	0
00:00:05.350	1557996979369	0	0	0	0	0	0	0	0	0	0	0	0
00:00:05.367	1557996979386	0	0	0	0	0	0	0	0	0	0	0	0
00:00:05.383	1557996979402	0	0	0	0	0	0	0	0	0	0	0	0
00:00:05.400	1557996979419	0	0	0	0	0	0	0	0	0	0	0	0
00:00:05.417	1557996979436	184.268	125.305	0	0	0	0	0	0	0	0	0	0
00:00:05.433	1557996979452	0	0	0	0	0	0	0	0	0	0	0	0
00:00:05.450	1557996979469	0	0	0	0	0	0	0	0	0	0	0	0
00:00:05.467	1557996979486	0	0	0	0	0	0	0	0	0	0	0	0
00:00:05.483	1557996979502	0	0	0	0	0	0	0	0	0	0	0	0
00:00:05.500	1557996979519	232.814	82.053	232.814	82.053	647.262	36.267	22.724	0	0	0	0	0
00:00:05.517	1557996979536	177.335	123.985	0	0	0	0	0	0	0	0	0	0
00:00:05.533	1557996979552	0	0	0	0	0	0	0	0	0	0	0	0
00:00:05.550	1557996979569	0	0	0	0	0	0	0	0	0	0	0	0
00:00:05.567	1557996979586	184.756	126.69	0	0	0	0	0	0	0	0	0	0
00:00:05.583	1557996979602	0	0	0	0	0	0	0	0	0	0	0	0
00:00:05.600	1557996979619	0	0	230.973	81.739	667.009	36.853	23.044	0	0	0	0	0
00:00:05.617	1557996979636	0	0	230.421	80.575	679.543	37.833	22.87	0	0	0	0	0
00:00:05.633	1557996979652	229.862	81.943	229.862	81.943	710.292	36.772	24.594	0	0	0	0	0
00:00:05.650	1557996979669	230.257	80.814	230.257	80.814	671.392	37.472	22.813	0	0	0	0	0
00:00:05.667	1557996979686	266.139	117.476	0	0	0	0	0	0	0	0	0	0
00:00:05.683	1557996979702	0	0	0	0	0	0	0	0	0	0	0	0
00:00:05.700	1557996979719	0	0	0	0	0	0	0	0	0	0	0	0
00:00:05.717	1557996979736	0	0	0	0	0	0	0	0	0	0	0	0
00:00:05.733	1557996979752	117.484	87.616	55.076	49.008	2096.661	63.378	42.121	0	0	0	0	0
00:00:05.750	1557996979769	0	0	0	0	0	0	0	0	0	0	0	0
00:00:05.767	1557996979786	228.214	82.498	228.214	82.498	625.976	36.102	22.077	0	0	0	0	0
00:00:05.783	1557996979802	0	0	0	0	0	0	0	0	0	0	0	0
00:00:05.800	1557996979819	0	0	0	0	0	0	0	0	0	0	0	0
00:00:05.817	1557996979836	0	0	0	0	0	0	0	0	0	0	0	0
00:00:05.833	1557996979852	0	0	0	0	0	0	0	0	0	0	0	0
00:00:05.850	1557996979869	0	0	0	0	0	0	0	0	0	0	0	0
00:00:05.867	1557996979886	176.544	125.746	0	0	0	0	0	0	0	0	0	0
00:00:05.883	1557996979902	0	0	0	0	0	0	0	0	0	0	0	0
00:00:05.900	1557996979919	0	0	127.871	71.644	606.515	34.357	22.477	0	0	0	0	0
00:00:05.917	1557996979936	0	0	224.997	114.118	480.64	31.8	19.244	0	0	0	0	0
00:00:05.933	1557996979952	0	0	0	0	0	0	0	0	0	0	0	0
00:00:05.950	1557996979969	0	0	129.603	71.576	587.381	35.225	21.232	0	0	0	0	0
00:00:05.967	1557996979986	0	0	0	0	0	0	0	0	0	0	0	0
00:00:05.983	1557996980002	0	0	0	0	0	0	0	0	0	0	0	0
00:00:06.000	1557996980019	0	0	0	0	0	0	0	0	0	0	0	0
00:00:06.017	1557996980036	189.05	135.475	226.074	115.087	567.306	33.686	21.443	0	0	0	0	0
00:00:06.033	1557996980052	0	0	0	0	0	0	0	0	0	0	0	0
00:00:06.050	1557996980069	0	0	0	0	0	0	0	0	0	0	0	0
00:00:06.067	1557996980086	0	0	0	0	0	0	0	0	0	0	0	0
00:00:06.083	1557996980102	253.982	127.703	226.255	115.729	690.342	36.421	24.134	0	0	0	0	0
00:00:06.100	1557996980119	0	0	0	0	0	0	0	0	0	0	0	0
00:00:06.117	1557996980136	227.046	116.918	227.046	116.918	617.381	35.894	21.9	0	0	0	0	0
00:00:06.133	1557996980152	0	0	0	0	0	0	0	0	0	0	0	0
00:00:06.150	1557996980169	58.537	44.958	58.537	44.958	2169.37	62.536	44.169	0	0	0	0	0
00:00:06.167	1557996980186	227.297	118.762	227.297	118.762	635.931	36.352	22.274	0	0	0	0	0
00:00:06.183	1557996980202	244.961	143.57	227.073	117.16	686.059	37.338	23.395	0	0	0	0	0
00:00:06.200	1557996980219	0	0	0	0	0	0	0	0	0	0	0	0
00:00:06.217	1557996980236	0	0	0	0	0	0	0	0	0	0	0	0
00:00:06.233	1557996980252	227.984	118.902	227.984	118.902	684.726	35.904	24.282	0	0	0	0	0
00:00:06.250	1557996980269	0	0	0	0	0	0	0	0	0	0	0	0
00:00:06.267	1557996980286	244.531	144.09	0	0	0	0	0	0	0	0	0	0
00:00:06.283	1557996980302	0	0	227.181	118.485	676.477	37.509	22.963	0	0	0	0	0
00:00:06.300	1557996980319	0	0	227.61	119.373	646.296	36.245	22.703	0	0	0	0	0
00:00:06.317	1557996980336	226.123	118.276	226.123	118.276	706.114	37.484	23.985	0	0	0	0	0
00:00:06.333	1557996980352	0	0	0	0	0	0	0	0	0	0	0	0
00:00:06.350	1557996980369	0	0	0	0	0	0	0	0	0	0	0	0
00:00:06.367	1557996980386	0	0	0	0	0	0	0	0	0	0	0	0
00:00:06.383	1557996980402	0	0	0	0	0	0	0	0	0	0	0	0
00:00:06.400	1557996980419	0	0	0	0	0	0	0	0	0	0	0	0
00:00:06.417	1557996980436	0	0	0	0	0	0	0	0	0	0	0	0
00:00:06.433	1557996980452	55.02	51.161	55.02	51.161	2238.901	63.831	44.659	0	0	0	0	0
00:00:06.450	1557996980469	0	0	0	0	0	0	0	0	0	0	0	0
00:00:06.467	1557996980486	0	0	226.324	118.306	639.741	36.75	22.165	0	0	0	0	0
00:00:06.483	1557996980502	0	0	0	0	0	0	0	0	0	0	0	0
00:00:06.500	1557996980519	0	0	0	0	0	0	0	0	0	0	0	0
00:00:06.517	1557996980536	234.407	118.201	234.407	118.201	193.86	16.178	15.257	0	0	0	0	0
00:00:06.533	1557996980552	50.768	48.298	50.768	48.298	1799.158	60.068	38.136	0	0	0	0	0
00:00:06.550	1557996980569	201.599	125.836	223.446	116.665	736.494	38.486	24.366	0	0	0	0	0
00:00:06.567	1557996980586	201.118	125.856	0	0	0	0	0	0	0	0	0	0
00:00:06.583	1557996980602	0	0	222.807	115.36	828.921	38.806	27.197	0	0	0	0	0
00:00:06.600	1557996980619	0	0	0	0	0	0	0	0	0	0	0	0
00:00:06.617	1557996980636	200.164	125.813	130.294	75.786	322.826	25.261	16.272	0	0	0	0	0
00:00:06.633	1557996980652	0	0	221.606	118.03	735.373	39.068	23.966	0	0	0	0	0
00:00:06.650	1557996980669	0	0	0	0	0	0	0	0	0	0	0	0
00:00:06.667	1557996980686	177.767	135.733	221.199	118.472	747.541	39.299	24.219	0	0	0	0	0
00:00:06.683	1557996980702	0	0	0	0	0	0	0	0	0	0	0	0
00:00:06.700	1557996980719	0	0	220.719	118.434	773.06	38.795	25.371	0	0	0	0	0
00:00:06.717	1557996980736	199.644	126.647	0	0	0	0	0	0	0	0	0	0
00:00:06.733	1557996980752	0	0	221.724	117.909	838.945	38.6	27.673	0	0	0	0	0
00:00:06.750	1557996980769	0	0	0	0	0	0	0	0	0	0	0	0
00:00:06.767	1557996980786	178.263	136.369	222.177	118.165	822.59	39.516	26.504	0	0	0	0	0
00:00:06.783	1557996980802	0	0	0	0	0	0	0	0	0	0	0	0
00:00:06.800	1557996980819	0	0	223.105	118.391	824.441	39.902	26.307	0	0	0	0	0
00:00:06.817	1557996980836	201.015	127.449	0	0	0	0	0	0	0	0	0	0
00:00:06.833	1557996980852	0	0	222.443	118.542	842.5	39.114	27.425	0	0	0	0	0
00:00:06.850	1557996980869	0	0	0	0	0	0	0	0	0	0	0	0
00:00:06.867	1557996980886	0	0	0	0	0	0	0	0	0	0	0	0
00:00:06.883	1557996980902	0	0	0	0	0	0	0	0	0	0	0	0
00:00:06.900	1557996980919	0	0	0	0	0	0	0	0	0	0	0	0
00:00:06.917	1557996980936	0	0	0	0	0	0	0	0	0	0	0	0
00:00:06.933	1557996980952	0	0	0	0	0	0	0	0	0	0	0	0
00:00:06.950	1557996980969	0	0	0	0	0	0	0	0	0	0	0	0
00:00:06.967	1557996980986	159.944	131.963	179.725	122.318	725.899	36.651	25.217	0	0	0	0	0
00:00:06.983	1557996981002	162.898	128.544	182.435	120.003	859.637	37.859	28.91	0	0	0	0	0
00:00:07.000	1557996981019	165.669	128.002	184.978	119.909	840.057	38.368	27.877	0	0	0	0	0
00:00:07.017	1557996981036	168.563	127.383	188.039	119.153	882.467	39.595	28.377	0	0	0	0	0
00:00:07.033	1557996981052	170.837	127.787	190.212	119.718	826.466	39.172	26.863	0	0	0	0	0
00:00:07.050	1557996981069	172.847	127.338	192.291	119.364	854.13	40.467	26.874	0	0	0	0	0
00:00:07.067	1557996981086	174.783	127.946	194.587	119.965	857.359	41.066	26.582	0	0	0	0	0
00:00:07.083	1557996981102	176.619	127.007	196.71	118.495	891.362	39.172	28.973	0	0	0	0	0
00:00:07.100	1557996981119	177.614	128.417	197.566	120.325	863.809	41.678	26.389	0	0	0	0	0
00:00:07.117	1557996981136	178.984	127.999	199.101	120.19	849.675	41.366	26.153	0	0	0	0	0
00:00:07.133	1557996981152	180.096	128.586	200.395	120.347	825.653	41.212	25.509	0	0	0	0	0
00:00:07.150	1557996981169	181.097	127.852	201.483	120.149	870.923	39.869	27.813	0	0	0	0	0
00:00:07.167	1557996981186	181.765	129.06	202.121	120.814	835.529	40.306	26.394	0	0	0	0	0
00:00:07.183	1557996981202	182.904	128.32	203.554	119.822	945.519	41.654	28.902	0	0	0	0	0
00:00:07.200	1557996981219	183.407	128.666	204.017	120.128	917.569	40.776	28.651	0	0	0	0	0
00:00:07.217	1557996981236	183.578	128.256	204.1	119.616	934.365	40.12	29.653	0	0	0	0	0
00:00:07.233	1557996981252	179.745	128.531	200.669	120.014	925.429	39.74	29.65	0	0	0	0	0
00:00:07.250	1557996981269	177.25	126.931	198.082	118.855	853.586	39.511	27.507	0	0	0	0	0
00:00:07.267	1557996981286	177.115	127.658	197.641	119.987	838.849	39.793	26.84	0	0	0	0	0
00:00:07.283	1557996981302	177.278	127.267	197.767	119.32	802.31	39.408	25.922	0	0	0	0	0
00:00:07.300	1557996981319	177.461	127.646	197.751	119.532	883.552	40.579	27.723	0	0	0	0	0
00:00:07.317	1557996981336	177.984	126.827	198.251	118.456	919.352	39.114	29.927	0	0	0	0	0
00:00:07.333	1557996981352	177.844	127.57	198.258	119.67	923.461	40.287	29.185	0	0	0	0	0
00:00:07.350	1557996981369	178.257	127.987	198.611	120.376	843.218	42.081	25.513	0	0	0	0	0
00:00:07.367	1557996981386	178.031	128.082	198.119	119.971	893.65	39.617	28.721	0	0	0	0	0
00:00:07.383	1557996981402	178.136	128.12	198.205	120.418	864.616	41.277	26.67	0	0	0	0	0
00:00:07.400	1557996981419	178.165	128.216	198.387	120.033	931.66	40.641	29.188	0	0	0	0	0
00:00:07.417	1557996981436	178.199	127.779	198.589	119.543	891.759	40.348	28.141	0	0	0	0	0
00:00:07.433	1557996981452	178.125	128.672	198.202	120.61	863.434	40.564	27.102	0	0	0	0	0
00:00:07.450	1557996981469	178.422	127.953	198.698	120.118	877.773	41.004	27.256	0	0	0	0	0
00:00:07.467	1557996981486	178.097	128.481	198.389	120.432	875.651	40.77	27.346	0	0	0	0	0
00:00:07.483	1557996981502	178.579	127.782	199.034	119.555	888.603	39.442	28.685	0	0	0	0	0
00:00:07.500	1557996981519	178.641	128.244	198.907	120.341	902.545	40.766	28.189	0	0	0	0	0
00:00:07.517	1557996981536	178.795	127.445	199.149	119.171	947.631	42.427	28.439	0	0	0	0	0
00:00:07.533	1557996981552	178.689	127.982	199.15	119.773	904.658	40.899	28.163	0	0	0	0	0
00:00:07.550	1557996981569	178.898	127.347	199.124	119.238	953.726	41.468	29.283	0	0	0	0	0
00:00:07.567	1557996981586	179.192	127.728	199.116	119.674	943.21	41.524	28.922	0	0	0	0	0
00:00:07.583	1557996981602	180.551	126.604	201.082	119.016	860.741	42.008	26.088	0	0	0	0	0
00:00:07.600	1557996981619	0	0	0	0	0	0	0	0	0	0	0	0
00:00:07.617	1557996981636	161.22	133.017	0	0	0	0	0	0	0	0	0	0
00:00:07.633	1557996981652	0	0	0	0	0	0	0	0	0	0	0	0
00:00:07.650	1557996981669	0	0	0	0	0	0	0	0	0	0	0	0
00:00:07.667	1557996981686	161.623	133.96	0	0	0	0	0	0	0	0	0	0
00:00:07.683	1557996981702	0	0	0	0	0	0	0	0	0	0	0	0
00:00:07.700	1557996981719	0	0	0	0	0	0	0	0	0	0	0	0
00:00:07.717	1557996981736	161.707	133.643	0	0	0	0	0	0	0	0	0	0
00:00:07.733	1557996981752	0	0	0	0	0	0	0	0	0	0	0	0
00:00:07.750	1557996981769	0	0	201.735	118.493	885.694	42.628	26.455	0	0	0	0	0
00:00:07.767	1557996981786	181.577	126.687	201.876	119.338	900.72	42.226	27.16	0	0	0	0	0
00:00:07.783	1557996981802	0	0	201.515	118.833	899.842	41.894	27.348	0	0	0	0	0
00:00:07.800	1557996981819	0	0	201.829	119.567	911.137	42.776	27.12	0	0	0	0	0
00:00:07.817	1557996981836	181.092	126.82	201.757	119.097	891.62	43.167	26.299	0	0	0	0	0
00:00:07.833	1557996981852	0	0	201.262	119.367	915.577	42.908	27.169	0	0	0	0	0
00:00:07.850	1557996981869	0	0	200.98	118.815	966.208	43.334	28.389	0	0	0	0	0
00:00:07.867	1557996981886	179.296	127.205	199.946	119.564	940.228	42.811	27.963	0	0	0	0	0
00:00:07.883	1557996981902	0	0	199.03	118.827	1014.213	43.875	29.432	0	0	0	0	0
00:00:07.900	1557996981919	0	0	198.963	120.195	992.582	43.887	28.796	0	0	0	0	0
00:00:07.917	1557996981936	178.406	127.85	198.496	119.296	992.331	42.873	29.47	0	0	0	0	0
00:00:07.933	1557996981952	0	0	198.645	120.337	923.979	43.844	26.832	0	0	0	0	0
00:00:07.950	1557996981969	0	0	198.609	119.928	956.798	43.266	28.157	0	0	0	0	0
00:00:07.967	1557996981986	178.032	127.746	197.483	120.021	985.063	44.758	28.023	0	0	0	0	0
00:00:07.983	1557996982002	0	0	197.849	119.69	956.638	44.454	27.4	0	0	0	0	0
00:00:08.000	1557996982019	0	0	0	0	0	0	0	0	0	0	0	0
00:00:08.017	1557996982036	178.199	127.851	197.708	119.354	942.469	42.969	27.927	0	0	0	0	0
00:00:08.033	1557996982052	0	0	198.554	120.719	996.179	43.598	29.093	0	0	0	0	0
00:00:08.050	1557996982069	0	0	197.649	119.894	937.594	43.732	27.297	0	0	0	0	0
00:00:08.067	1557996982086	177.286	126.894	196.729	119.828	980.822	42.614	29.305	0	0	0	0	0
00:00:08.083	1557996982102	0	0	196.284	117.841	859.294	41.772	26.192	0	0	0	0	0
00:00:08.100	1557996982119	0	0	0	0	0	0	0	0	0	0	0	0
00:00:08.117	1557996982136	0	0	0	0	0	0	0	0	0	0	0	0
00:00:08.133	1557996982152	0	0	0	0	0	0	0	0	0	0	0	0
00:00:08.150	1557996982169	0	0	0	0	0	0	0	0	0	0	0	0
00:00:08.167	1557996982186	0	0	0	0	0	0	0	0	0	0	0	0
00:00:08.183	1557996982202	0	0	0	0	0	0	0	0	0	0	0	0
00:00:08.200	1557996982219	0	0	199.469	77.431	1099.562	45.425	30.82	0	0	0	0	0
00:00:08.217	1557996982236	153.359	123.115	0	0	0	0	0	0	0	0	0	0
00:00:08.233	1557996982252	0	0	0	0	0	0	0	0	0	0	0	0
00:00:08.250	1557996982269	0	0	0	0	0	0	0	0	0	0	0	0
00:00:08.267	1557996982286	155.36	126.077	0	0	0	0	0	0	0	0	0	0
00:00:08.283	1557996982302	0	0	0	0	0	0	0	0	0	0	0	0
00:00:08.300	1557996982319	0	0	0	0	0	0	0	0	0	0	0	0
00:00:08.317	1557996982336	106.499	86.84	0	0	0	0	0	0	0	0	0	0
00:00:08.333	1557996982352	0	0	55.904	46.09	3177.666	74.208	54.521	0	0	0	0	0
00:00:08.350	1557996982369	0	0	0	0	0	0	0	0	0	0	0	0
00:00:08.367	1557996982386	157.817	130.168	0	0	0	0	0	0	0	0	0	0
00:00:08.383	1557996982402	0	0	0	0	0	0	0	0	0	0	0	0
00:00:08.400	1557996982419	0	0	0	0	0	0	0	0	0	0	0	0
00:00:08.417	1557996982436	153.701	130.325	0	0	0	0	0	0	0	0	0	0
00:00:08.433	1557996982452	0	0	0	0	0	0	0	0	0	0	0	0
00:00:08.450	1557996982469	0	0	0	0	0	0	0	0	0	0	0	0
00:00:08.467	1557996982486	106.191	91.454	0	0	0	0	0	0	0	0	0	0
00:00:08.483	1557996982502	0	0	57.551	50.477	2852.778	71.916	50.507	0	0	0	0	0
00:00:08.500	1557996982519	0	0	0	0	0	0	0	0	0	0	0	0
00:00:08.517	1557996982536	155.407	132.666	0	0	0	0	0	0	0	0	0	0
00:00:08.533	1557996982552	0	0	0	0	0	0	0	0	0	0	0	0
00:00:08.550	1557996982569	0	0	0	0	0	0	0	0	0	0	0	0
00:00:08.567	1557996982586	0	0	0	0	0	0	0	0	0	0	0	0
00:00:08.583	1557996982602	0	0	0	0	0	0	0	0	0	0	0	0
00:00:08.600	1557996982619	0	0	0	0	0	0	0	0	0	0	0	0
00:00:08.617	1557996982636	0	0	0	0	0	0	0	0	0	0	0	0
00:00:08.633	1557996982652	0	0	0	0	0	0	0	0	0	0	0	0
00:00:08.650	1557996982669	0	0	0	0	0	0	0	0	0	0	0	0
00:00:08.667	1557996982686	0	0	0	0	0	0	0	0	0	0	0	0
00:00:08.683	1557996982702	190.404	120.094	190.404	120.094	897.89	41.402	27.613	0	0	0	0	0
00:00:08.700	1557996982719	172.664	128.947	191.004	119.688	964.778	40.374	30.425	0	0	0	0	0
00:00:08.717	1557996982736	172.85	128.353	190.882	120.144	999.183	42.881	29.668	0	0	0	0	0
00:00:08.733	1557996982752	172.858	128.915	190.662	120.791	968.503	41.034	30.052	0	0	0	0	0
00:00:08.750	1557996982769	173.041	128.213	191.06	120.383	993.587	41.73	30.316	0	0	0	0	0
00:00:08.767	1557996982786	173.464	129.023	191.388	120.674	968.325	41.592	29.643	0	0	0	0	0
00:00:08.783	1557996982802	173.636	128.535	191.902	120.457	1003.378	42.093	30.35	0	0	0	0	0
00:00:08.800	1557996982819	173.565	128.795	191.689	120.77	1015.884	42.553	30.397	0	0	0	0	0
00:00:08.817	1557996982836	173.561	128.472	191.892	120.427	1020.757	42.571	30.529	0	0	0	0	0
00:00:08.833	1557996982852	173.38	128.775	191.844	120.402	983.074	41.769	29.967	0	0	0	0	0
00:00:08.850	1557996982869	173.65	128.598	191.972	120.553	1002.927	43.835	29.131	0	0	0	0	0
00:00:08.867	1557996982886	173.386	129.033	191.601	121.099	1014.725	43.732	29.543	0	0	0	0	0
00:00:08.883	1557996982902	173.479	128.259	191.949	120.245	1003.082	42.673	29.929	0	0	0	0	0
00:00:08.900	1557996982919	173.565	128.701	192.156	120.815	991.866	42.117	29.985	0	0	0	0	0
00:00:08.917	1557996982936	173.388	128.125	191.815	119.959	1022.051	43.171	30.143	0	0	0	0	0
00:00:08.933	1557996982952	173.498	128.748	192.017	120.935	966.64	42.937	28.664	0	0	0	0	0
00:00:08.950	1557996982969	173.642	127.744	192.36	119.739	1038.178	43.175	30.616	0	0	0	0	0
00:00:08.967	1557996982986	173.412	128.746	191.752	121.258	983.398	44.398	28.202	0	0	0	0	0
00:00:08.983	1557996983002	173.424	127.986	191.515	119.729	986.9	44.838	28.025	0	0	0	0	0
00:00:09.000	1557996983019	173.593	128.495	192.23	120.736	997.37	42.375	29.968	0	0	0	0	0
00:00:09.017	1557996983036	173.7	127.734	192.169	119.845	991.785	42.489	29.72	0	0	0	0	0
00:00:09.033	1557996983052	172.816	128.615	191.581	120.772	1013.374	43.177	29.883	0	0	0	0	0
00:00:09.050	1557996983069	173.252	127.942	191.917	120.096	1047.146	44.776	29.777	0	0	0	0	0
00:00:09.067	1557996983086	173.279	128.288	192.144	120.114	1054.576	42.758	31.403	0	0	0	0	0
00:00:09.083	1557996983102	173.147	128.345	191.978	120.512	1028.032	43.336	30.204	0	0	0	0	0
00:00:09.100	1557996983119	173.027	128.443	191.552	120.686	1033.76	42.887	30.69	0	0	0	0	0
00:00:09.117	1557996983136	172.981	127.734	191.513	120.06	1060.834	43.479	31.066	0	0	0	0	0
00:00:09.133	1557996983152	173.27	128.447	191.891	120.386	1051.964	42.869	31.244	0	0	0	0	0
00:00:09.150	1557996983169	173.099	127.678	191.301	119.902	1034.482	43.263	30.445	0	0	0	0	0
00:00:09.167	1557996983186	173.592	127.857	192.394	119.451	1043.252	43.813	30.318	0	0	0	0	0
00:00:09.183	1557996983202	173.433	127.404	191.466	119.507	1024.469	42.463	30.718	0	0	0	0	0
00:00:09.200	1557996983219	190.107	122.635	190.107	122.635	786.913	40.487	24.747	0	0	0	0	0
00:00:09.217	1557996983236	0	0	0	0	0	0	0	0	0	0	0	0
00:00:09.233	1557996983252	0	0	0	0	0	0	0	0	0	0	0	0
00:00:09.250	1557996983269	0	0	0	0	0	0	0	0	0	0	0	0
00:00:09.267	1557996983286	0	0	0	0	0	0	0	0	0	0	0	0
00:00:09.283	1557996983302	0	0	0	0	0	0	0	0	0	0	0	0
00:00:09.300	1557996983319	0	0	0	0	0	0	0	0	0	0	0	0
00:00:09.317	1557996983336	0	0	0	0	0	0	0	0	0	0	0	0
00:00:09.333	1557996983352	192.423	119.542	192.423	119.542	931.482	43.44	27.302	0	0	0	0	0
00:00:09.350	1557996983369	174.959	126.733	193.041	119.241	959.499	44.694	27.334	0	0	0	0	0
00:00:09.367	1557996983386	174.828	126.966	193.02	119.301	972.22	44.096	28.072	0	0	0	0	0
00:00:09.383	1557996983402	174.904	126.404	193.306	118.702	999.485	44.217	28.78	0	0	0	0	0
00:00:09.400	1557996983419	174.927	126.907	193.259	119.502	978.794	43.856	28.417	0	0	0	0	0
00:00:09.417	1557996983436	175.005	126.776	0	0	0	0	0	0	0	0	0	0
00:00:09.433	1557996983452	0	0	193.241	119.669	968.638	43.936	28.07	0	0	0	0	0
00:00:09.450	1557996983469	0	0	0	0	0	0	0	0	0	0	0	0
00:00:09.467	1557996983486	174.567	127.042	0	0	0	0	0	0	0	0	0	0
00:00:09.483	1557996983502	0	0	192.999	119.719	918.66	43.796	26.707	0	0	0	0	0
00:00:09.500	1557996983519	0	0	192.866	119.021	980.419	45.331	27.538	0	0	0	0	0
00:00:09.517	1557996983536	174.493	126.453	0	0	0	0	0	0	0	0	0	0
00:00:09.533	1557996983552	0	0	193.24	118.941	1035.695	44.881	29.382	0	0	0	0	0
00:00:09.550	1557996983569	0	0	0	0	0	0	0	0	0	0	0	0
00:00:09.567	1557996983586	155.563	134.339	192.083	119.068	925.355	43.156	27.301	0	0	0	0	0
00:00:09.583	1557996983602	0	0	0	0	0	0	0	0	0	0	0	0
00:00:09.600	1557996983619	0	0	192.561	119.487	893.521	43.418	26.203	0	0	0	0	0
00:00:09.617	1557996983636	173.908	126.661	192.582	118.772	939.009	44.063	27.134	0	0	0	0	0
00:00:09.633	1557996983652	0	0	192.324	119.306	959.551	43.835	27.872	0	0	0	0	0
00:00:09.650	1557996983669	0	0	0	0	0	0	0	0	0	0	0	0
00:00:09.667	1557996983686	173.969	126.537	0	0	0	0	0	0	0	0	0	0
00:00:09.683	1557996983702	0	0	192.64	118.978	949.311	44.484	27.171	0	0	0	0	0
00:00:09.700	1557996983719	0	0	0	0	0	0	0	0	0	0	0	0
00:00:09.717	1557996983736	155.384	134.467	192.137	119.174	923.703	43.606	26.971	0	0	0	0	0
00:00:09.733	1557996983752	0	0	0	0	0	0	0	0	0	0	0	0
00:00:09.750	1557996983769	0	0	0	0	0	0	0	0	0	0	0	0
00:00:09.767	1557996983786	173.886	126.537	0	0	0	0	0	0	0	0	0	0
00:00:09.783	1557996983802	0	0	192.287	118.593	959.539	43.637	27.997	0	0	0	0	0
00:00:09.800	1557996983819	0	0	0	0	0	0	0	0	0	0	0	0
00:00:09.817	1557996983836	155.543	133.824	192.87	117.902	981.344	44.556	28.043	0	0	0	0	0
00:00:09.833	1557996983852	0	0	0	0	0	0	0	0	0	0	0	0
00:00:09.850	1557996983869	0	0	192.77	119.152	977.794	45.138	27.581	0	0	0	0	0
00:00:09.867	1557996983886	174.304	126.783	192.977	119.576	964.508	44.523	27.583	0	0	0	0	0
00:00:09.883	1557996983902	0	0	192.701	118.985	953.932	44.842	27.086	0	0	0	0	0
00:00:09.900	1557996983919	0	0	193.341	119.412	936.915	43.728	27.28	0	0	0	0	0
00:00:09.917	1557996983936	155.763	133.738	0	0	0	0	0	0	0	0	0	0
00:00:09.933	1557996983952	0	0	0	0	0	0	0	0	0	0	0	0
00:00:09.950	1557996983969	0	0	0	0	0	0	0	0	0	0	0	0
00:00:09.967	1557996983986	172.445	126.502	0	0	0	0	0	0	0	0	0	0
00:00:09.983	1557996984002	0	0	189.119	118.898	951.556	43.622	27.774	0	0	0	0	0
00:00:10.000	1557996984019	0	0	182.914	120.839	1006.124	42.897	29.863	0	0	0	0	0
00:00:10.017	1557996984036	159.512	129.148	178.691	121.065	1074.172	42.545	32.147	0	0	0	0	0
00:00:10.033	1557996984052	0	0	178.039	121.731	1054.51	41.888	32.053	0	0	0	0	0
00:00:10.050	1557996984069	0	0	179.055	120.23	1094.63	42.782	32.577	0	0	0	0	0
00:00:10.067	1557996984086	160.904	128.403	179.321	121.207	1058.913	42.399	31.799	0	0	0	0	0
00:00:10.083	1557996984102	0	0	179.539	119.995	1022.155	42.014	30.977	0	0	0	0	0
00:00:10.100	1557996984119	0	0	179.801	121.37	1039.088	43.42	30.47	0	0	0	0	0
00:00:10.117	1557996984136	162.636	128.181	180.987	120.142	984.231	42.02	29.823	0	0	0	0	0
00:00:10.133	1557996984152	0	0	181.336	120.686	1009.274	42.894	29.958	0	0	0	0	0
00:00:10.150	1557996984169	0	0	182.26	119.529	1041.506	42.64	31.099	0	0	0	0	0
00:00:10.167	1557996984186	164.562	127.379	182.428	120.103	1029.464	42.628	30.749	0	0	0	0	0
00:00:10.183	1557996984202	0	0	183.502	118.959	1027.46	42.601	30.709	0	0	0	0	0
00:00:10.200	1557996984219	0	0	183.171	119.728	1042.512	42.383	31.318	0	0	0	0	0
00:00:10.217	1557996984236	164.863	127.277	183.505	119.877	967.553	43.049	28.617	0	0	0	0	0
00:00:10.233	1557996984252	0	0	183.223	119.988	1006.278	43.267	29.612	0	0	0	0	0
00:00:10.250	1557996984269	0	0	183.962	119.257	1016.618	43.788	29.56	0	0	0	0	0
00:00:10.267	1557996984286	165.058	127.705	183.66	120.033	1007.894	44.589	28.78	0	0	0	0	0
00:00:10.283	1557996984302	0	0	183.423	120.031	965.875	43.115	28.523	0	0	0	0	0
00:00:10.300	1557996984319	0	0	183.747	119.627	1038.454	43.498	30.397	0	0	0	0	0
00:00:10.317	1557996984336	165.545	126.886	183.679	119.178	996.268	41.93	30.253	0	0	0	0	0
00:00:10.333	1557996984352	0	0	184.229	119.43	1056.978	42.853	31.405	0	0	0	0	0
00:00:10.350	1557996984369	0	0	184.109	119.727	1001.232	45.457	28.044	0	0	0	0	0
00:00:10.367	1557996984386	165.134	127.081	183.798	119.258	1022.164	43.09	30.203	0	0	0	0	0
00:00:10.383	1557996984402	0	0	183.312	119.416	1003.03	41.896	30.483	0	0	0	0	0
00:00:10.400	1557996984419	0	0	182.472	120.274	1074.548	42.988	31.827	0	0	0	0	0
00:00:10.417	1557996984436	163.52	128.562	181.74	120.597	1083.583	45.032	30.637	0	0	0	0	0
00:00:10.433	1557996984452	0	0	182.461	120.986	1039.8	43.232	30.623	0	0	0	0	0
00:00:10.450	1557996984469	0	0	181.751	120.187	1125.664	44.373	32.3	0	0	0	0	0
00:00:10.467	1557996984486	163.415	128.296	182.313	120.627	1094.659	43.847	31.787	0	0	0	0	0
00:00:10.483	1557996984502	0	0	181.917	120.086	1054.831	42.973	31.253	0	0	0	0	0
00:00:10.500	1557996984519	0	0	181.424	120.581	1079.624	44.244	31.069	0	0	0	0	0
00:00:10.517	1557996984536	163.178	128.122	181.169	120.866	1098.76	44.127	31.703	0	0	0	0	0
00:00:10.533	1557996984552	0	0	181.923	120.846	1130.13	44.364	32.435	0	0	0	0	0
00:00:10.550	1557996984569	0	0	181.108	119.883	1080.81	43.3	31.781	0	0	0	0	0
00:00:10.567	1557996984586	162.85	128.017	181.407	121.183	1084.691	44.324	31.159	0	0	0	0	0
00:00:10.583	1557996984602	0	0	181.544	119.674	1119.756	44.573	31.986	0	0	0	0	0
00:00:10.600	1557996984619	0	0	181.696	121.267	1111.787	43.752	32.355	0	0	0	0	0
00:00:10.617	1557996984636	162.856	128.02	181.005	121.034	1073.271	44.535	30.684	0	0	0	0	0
00:00:10.633	1557996984652	0	0	181.484	120.694	1111.753	43.761	32.347	0	0	0	0	0
00:00:10.650	1557996984669	0	0	181.585	120.348	1073.266	43.862	31.155	0	0	0	0	0
00:00:10.667	1557996984686	162.563	128.122	181.434	120.895	1083.552	42.964	32.111	0	0	0	0	0
00:00:10.683	1557996984702	0	0	180.883	120.1	1074.148	43.37	31.534	0	0	0	0	0
00:00:10.700	1557996984719	0	0	181.536	120.924	1102.228	43.837	32.014	0	0	0	0	0
00:00:10.717	1557996984736	163.031	128.321	181.571	120.112	1103.921	44.25	31.764	0	0	0	0	0
00:00:10.733	1557996984752	0	0	181.604	121.268	1058.878	43.458	31.023	0	0	0	0	0
00:00:10.750	1557996984769	0	0	181.477	119.364	1090.918	44.671	31.094	0	0	0	0	0
00:00:10.767	1557996984786	162.548	128.287	181.555	120.403	1120.768	45.028	31.692	0	0	0	0	0
00:00:10.783	1557996984802	0	0	180.726	120.535	1047.541	43.797	30.454	0	0	0	0	0
00:00:10.800	1557996984819	0	0	179.212	121.132	1072.96	45.419	30.079	0	0	0	0	0
00:00:10.817	1557996984836	160.85	127.587	179.293	119.852	1071.071	43.248	31.533	0	0	0	0	0
00:00:10.833	1557996984852	0	0	179.354	120.583	1061.352	42.638	31.694	0	0	0	0	0
00:00:10.850	1557996984869	0	0	178.587	119.667	1092.323	44.307	31.39	0	0	0	0	0
00:00:10.867	1557996984886	160.725	127.455	178.946	120.462	1052.36	43.008	31.155	0	0	0	0	0
00:00:10.883	1557996984902	0	0	179.113	119.627	1060.973	43.112	31.334	0	0	0	0	0
00:00:10.900	1557996984919	0	0	178.964	120.42	1064.933	43.197	31.389	0	0	0	0	0
00:00:10.917	1557996984936	159.859	127.674	179.174	119.896	1079.697	44.022	31.228	0	0	0	0	0
00:00:10.933	1557996984952	0	0	177.422	120.724	1044.636	44.889	29.63	0	0	0	0	0
00:00:10.950	1557996984969	0	0	177.092	121.263	850.55	39.852	27.174	0	0	0	0	0
00:00:10.967	1557996984986	331.899	51.391	0	0	0	0	0	0	0	0	0	0
00:00:10.983	1557996985002	0	0	0	0	0	0	0	0	0	0	0	0
00:00:11.000	1557996985019	0	0	0	0	0	0	0	0	0	0	0	0
00:00:11.017	1557996985036	0	0	0	0	0	0	0	0	0	0	0	0
00:00:11.033	1557996985052	0	0	0	0	0	0	0	0	0	0	0	0
00:00:11.050	1557996985069	0	0	180.993	120.825	1001.775	43.522	29.307	0	0	0	0	0
00:00:11.067	1557996985086	162.654	129.117	180.702	120.597	1116.456	42.802	33.212	0	0	0	0	0
00:00:11.083	1557996985102	0	0	180.329	120.223	1059.94	44.711	30.184	0	0	0	0	0
00:00:11.100	1557996985119	0	0	181.359	120.812	1109.126	43.741	32.285	0	0	0	0	0
00:00:11.117	1557996985136	163.403	128.245	180.929	120.865	1061.124	43.209	31.268	0	0	0	0	0
00:00:11.133	1557996985152	0	0	180.991	121.136	1040.604	44.045	30.081	0	0	0	0	0
00:00:11.150	1557996985169	0	0	181.407	119.959	1090.863	44.609	31.136	0	0	0	0	0
00:00:11.167	1557996985186	163.629	127.638	181.352	120.728	1038.408	44.053	30.012	0	0	0	0	0
00:00:11.183	1557996985202	0	0	181.328	119.916	1059.19	43.934	30.696	0	0	0	0	0
00:00:11.200	1557996985219	0	0	181.402	120.354	1068.795	43.344	31.396	0	0	0	0	0
00:00:11.217	1557996985236	163.681	127.556	180.957	120.42	1003.603	43.829	29.155	0	0	0	0	0
00:00:11.233	1557996985252	0	0	181.568	120.517	1064.044	45.153	30.004	0	0	0	0	0
00:00:11.250	1557996985269	0	0	182.436	119.996	1003.735	43.823	29.163	0	0	0	0	0
00:00:11.267	1557996985286	167.038	130.543	186.578	123.663	1193.937	46.118	32.963	0	0	0	0	0
00:00:11.283	1557996985302	0	0	186.279	122.41	1248.739	45.946	34.605	0	0	0	0	0
00:00:11.300	1557996985319	0	0	186.2	123.297	1248.254	46.691	34.039	0	0	0	0	0
00:00:11.317	1557996985336	167.26	130.919	186.083	122.22	1253.024	45.189	35.305	0	0	0	0	0
00:00:11.333	1557996985352	0	0	186.107	123.208	1254.138	44.88	35.58	0	0	0	0	0
00:00:11.350	1557996985369	0	0	185.678	122.096	1207.715	45.105	34.092	0	0	0	0	0
00:00:11.367	1557996985386	166.774	130.783	185.566	123.22	1243.248	45.161	35.051	0	0	0	0	0
00:00:11.383	1557996985402	0	0	185.125	122.652	1232.776	46.199	33.975	0	0	0	0	0
00:00:11.400	1557996985419	0	0	185.639	122.786	1290.117	45.326	36.241	0	0	0	0	0
00:00:11.417	1557996985436	167.086	130.75	185.201	122.543	1231.79	45.297	34.624	0	0	0	0	0
00:00:11.433	1557996985452	0	0	185.522	122.869	1229.093	45.157	34.655	0	0	0	0	0
00:00:11.450	1557996985469	0	0	185.364	122.302	1286.888	46.503	35.234	0	0	0	0	0
00:00:11.467	1557996985486	166.938	130.382	185.5	122.818	1237.317	45.66	34.503	0	0	0	0	0
00:00:11.483	1557996985502	0	0	185.232	121.686	1249.208	46.636	34.105	0	0	0	0	0
00:00:11.500	1557996985519	0	0	185.967	123.139	1294.228	46.214	35.657	0	0	0	0	0
00:00:11.517	1557996985536	167.332	130.506	185.528	121.995	1218.021	46.098	33.642	0	0	0	0	0
00:00:11.533	1557996985552	0	0	185.971	122.835	1289.652	46.345	35.43	0	0	0	0	0
00:00:11.550	1557996985569	0	0	185.792	123.031	1186.612	45.87	32.937	0	0	0	0	0
00:00:11.567	1557996985586	167.28	130.706	185.847	122.981	1221.597	45.514	34.173	0	0	0	0	0
00:00:11.583	1557996985602	0	0	185.872	122.145	1294.532	46.067	35.78	0	0	0	0	0
00:00:11.600	1557996985619	0	0	185.434	122.946	1226.318	45.057	34.654	0	0	0	0	0
00:00:11.617	1557996985636	167.308	130.354	186.102	122.094	1253.464	45.573	35.02	0	0	0	0	0
00:00:11.633	1557996985652	0	0	185.802	122.555	1281.327	47.091	34.645	0	0	0	0	0
00:00:11.650	1557996985669	0	0	185.572	122.587	1236.352	45.908	34.29	0	0	0	0	0
00:00:11.667	1557996985686	167.037	130.639	185.79	123.47	1206.189	45.101	34.052	0	0	0	0	0
00:00:11.683	1557996985702	0	0	185.316	122.417	1181.462	45.287	33.217	0	0	0	0	0
00:00:11.700	1557996985719	0	0	186.112	123.158	1275.723	45.031	36.071	0	0	0	0	0
00:00:11.717	1557996985736	166.69	130.161	185.682	121.73	1202.248	45.104	33.938	0	0	0	0	0
00:00:11.733	1557996985752	0	0	184.964	122.48	1219.031	44.983	34.505	0	0	0	0	0
00:00:11.750	1557996985769	0	0	184.609	121.49	1139.303	45.081	32.177	0	0	0	0	0
00:00:11.767	1557996985786	164.265	127.243	183.187	120.209	1055.532	45.325	29.652	0	0	0	0	0
00:00:11.783	1557996985802	0	0	182.977	119.071	1016.235	43.897	29.476	0	0	0	0	0
00:00:11.800	1557996985819	0	0	182.744	119.869	1041.121	44.966	29.48	0	0	0	0	0
00:00:11.817	1557996985836	163.981	126.845	182.359	118.76	1001.511	43.525	29.297	0	0	0	0	0
00:00:11.833	1557996985852	0	0	182.354	120.379	1007.09	44.759	28.648	0	0	0	0	0
00:00:11.850	1557996985869	0	0	181.491	119.287	999.755	44.067	28.886	0	0	0	0	0
00:00:11.867	1557996985886	163.382	126.638	181.695	119.319	1037.158	44.402	29.741	0	0	0	0	0
00:00:11.883	1557996985902	0	0	181.417	119.259	1006.094	44.848	28.563	0	0	0	0	0
00:00:11.900	1557996985919	0	0	181.522	119.811	1008.907	43.404	29.596	0	0	0	0	0
00:00:11.917	1557996985936	162.913	126.7	180.691	119.251	1013.949	44.04	29.314	0	0	0	0	0
00:00:11.933	1557996985952	0	0	180.74	119.812	1033.878	45.218	29.112	0	0	0	0	0
00:00:11.950	1557996985969	0	0	180.866	119.111	1018.772	44.189	29.355	0	0	0	0	0
00:00:11.967	1557996985986	162.761	127.155	181.46	119.361	1019.608	43.634	29.752	0	0	0	0	0
00:00:11.983	1557996986002	0	0	180.743	120.169	978.158	43.093	28.901	0	0	0	0	0
00:00:12.000	1557996986019	0	0	181.376	119.418	1057.727	43.88	30.691	0	0	0	0	0
00:00:12.017	1557996986036	163.024	126.521	180.592	119.57	955.035	42.991	28.285	0	0	0	0	0
00:00:12.033	1557996986052	0	0	181.016	119.606	1022.983	42.995	30.295	0	0	0	0	0
00:00:12.050	1557996986069	0	0	180.998	120.242	953.36	43.905	27.647	0	0	0	0	0
00:00:12.067	1557996986086	163.089	126.746	181.657	119.643	1010.994	43.68	29.47	0	0	0	0	0
00:00:12.083	1557996986102	0	0	181.02	119.593	983.113	45.125	27.74	0	0	0	0	0
00:00:12.100	1557996986119	0	0	180.918	120.279	980.312	43.762	28.522	0	0	0	0	0
00:00:12.117	1557996986136	162.329	126.5	180.154	118.991	993.423	43.938	28.787	0	0	0	0	0
00:00:12.133	1557996986152	0	0	179.973	119.639	978.513	43.511	28.634	0	0	0	0	0
00:00:12.150	1557996986169	0	0	180.391	118.928	1027.857	44.396	29.478	0	0	0	0	0
00:00:12.167	1557996986186	161.962	126.432	180.342	119.559	1036.275	44.407	29.712	0	0	0	0	0
00:00:12.183	1557996986202	0	0	179.696	119.078	986.235	42.898	29.272	0	0	0	0	0
00:00:12.200	1557996986219	0	0	179.842	120.116	1018.945	44.896	28.897	0	0	0	0	0
00:00:12.217	1557996986236	162.327	126.281	179.41	118.937	1050.954	46.019	29.077	0	0	0	0	0
00:00:12.233	1557996986252	0	0	180.443	119.321	1039.736	43.738	30.268	0	0	0	0	0
00:00:12.250	1557996986269	0	0	181.029	118.641	1030.23	42.962	30.532	0	0	0	0	0
00:00:12.267	1557996986286	161.928	126.424	179.845	119.606	1032.586	44.464	29.568	0	0	0	0	0
00:00:12.283	1557996986302	0	0	179.725	119.008	999.148	43.498	29.246	0	0	0	0	0
00:00:12.300	1557996986319	0	0	179.855	119.749	994.713	43.472	29.134	0	0	0	0	0
00:00:12.317	1557996986336	144.487	133.181	179.414	118.574	1013.208	44.775	28.812	0	0	0	0	0
00:00:12.333	1557996986352	0	0	0	0	0	0	0	0	0	0	0	0
00:00:12.350	1557996986369	0	0	179.785	119.474	979.595	43.78	28.49	0	0	0	0	0
00:00:12.367	1557996986386	146.465	133.466	0	0	0	0	0	0	0	0	0	0
00:00:12.383	1557996986402	0	0	0	0	0	0	0	0	0	0	0	0
00:00:12.400	1557996986419	0	0	0	0	0	0	0	0	0	0	0	0
00:00:12.417	1557996986436	170.521	131.449	0	0	0	0	0	0	0	0	0	0
00:00:12.433	1557996986452	0	0	0	0	0	0	0	0	0	0	0	0
00:00:12.450	1557996986469	0	0	0	0	0	0	0	0	0	0	0	0
00:00:12.467	1557996986486	172.143	131.845	0	0	0	0	0	0	0	0	0	0
00:00:12.483	1557996986502	0	0	0	0	0	0	0	0	0	0	0	0
00:00:12.500	1557996986519	0	0	0	0	0	0	0	0	0	0	0	0
00:00:12.517	1557996986536	170.872	130.95	0	0	0	0	0	0	0	0	0	0
00:00:12.533	1557996986552	0	0	0	0	0	0	0	0	0	0	0	0
00:00:12.550	1557996986569	0	0	0	0	0	0	0	0	0	0	0	0
00:00:12.567	1557996986586	170.725	131.755	0	0	0	0	0	0	0	0	0	0
00:00:12.583	1557996986602	0	0	0	0	0	0	0	0	0	0	0	0
00:00:12.600	1557996986619	0	0	0	0	0	0	0	0	0	0	0	0
00:00:12.617	1557996986636	170.507	131.097	0	0	0	0	0	0	0	0	0	0
00:00:12.633	1557996986652	0	0	0	0	0	0	0	0	0	0	0	0
00:00:12.650	1557996986669	0	0	0	0	0	0	0	0	0	0	0	0
00:00:12.667	1557996986686	170.605	131.448	63.545	52.961	2302.636	68.463	42.823	0	0	0	0	0
00:00:12.683	1557996986702	0	0	0	0	0	0	0	0	0	0	0	0
00:00:12.700	1557996986719	0	0	0	0	0	0	0	0	0	0	0	0
00:00:12.717	1557996986736	169.857	130.547	0	0	0	0	0	0	0	0	0	0
00:00:12.733	1557996986752	0	0	0	0	0	0	0	0	0	0	0	0
00:00:12.750	1557996986769	0	0	0	0	0	0	0	0	0	0	0	0
00:00:12.767	1557996986786	170.657	131.715	0	0	0	0	0	0	0	0	0	0
00:00:12.783	1557996986802	0	0	0	0	0	0	0	0	0	0	0	0
00:00:12.800	1557996986819	0	0	0	0	0	0	0	0	0	0	0	0
00:00:12.817	1557996986836	181.323	124.277	0	0	0	0	0	0	0	0	0	0
00:00:12.833	1557996986852	0	0	196.21	118.076	725.519	38.493	23.998	0	0	0	0	0
00:00:12.850	1557996986869	0	0	185.504	118.218	777.053	38.166	25.923	0	0	0	0	0
00:00:12.867	1557996986886	159.24	126.907	179.404	120.331	888.931	39.952	28.329	0	0	0	0	0
00:00:12.883	1557996986902	0	0	177.362	119.274	912.604	40.116	28.965	0	0	0	0	0
00:00:12.900	1557996986919	0	0	178.392	119.575	939.322	40.983	29.183	0	0	0	0	0
00:00:12.917	1557996986936	159.573	127.044	177.664	118.99	939.752	41.31	28.964	0	0	0	0	0
00:00:12.933	1557996986952	0	0	177.873	120.178	888.017	40.891	27.65	0	0	0	0	0
00:00:12.950	1557996986969	0	0	178.295	119.178	873.703	40.422	27.52	0	0	0	0	0
00:00:12.967	1557996986986	159.918	126.862	178.34	119.996	918.571	40.696	28.739	0	0	0	0	0
00:00:12.983	1557996987002	0	0	178.092	119.34	870.534	40.371	27.455	0	0	0	0	0
00:00:13.000	1557996987019	0	0	178.49	119.395	903.742	40.616	28.331	0	0	0	0	0
00:00:13.017	1557996987036	160.105	126.304	178.155	119.444	874.246	41.209	27.012	0	0	0	0	0
00:00:13.033	1557996987052	0	0	178.295	119.086	914.735	39.904	29.187	0	0	0	0	0
00:00:13.050	1557996987069	0	0	178.133	118.88	841.289	39.414	27.177	0	0	0	0	0
00:00:13.067	1557996987086	160.038	126.511	177.933	119.889	890.498	41.309	27.447	0	0	0	0	0
00:00:13.083	1557996987102	0	0	177.914	119.13	868.544	40.286	27.451	0	0	0	0	0
00:00:13.100	1557996987119	0	0	177.879	119.465	909.599	41.654	27.803	0	0	0	0	0
00:00:13.117	1557996987136	160.268	126.214	178.525	119.315	870.139	40.42	27.41	0	0	0	0	0
00:00:13.133	1557996987152	0	0	178.227	119.191	927.413	40.791	28.948	0	0	0	0	0
00:00:13.150	1557996987169	0	0	178.681	118.746	935.316	40.342	29.52	0	0	0	0	0
00:00:13.167	1557996987186	159.953	126.46	178.523	119.376	917.252	40.481	28.85	0	0	0	0	0
00:00:13.183	1557996987202	0	0	177.542	119.205	905.968	41.158	28.027	0	0	0	0	0
00:00:13.200	1557996987219	0	0	178.48	118.841	979.883	42.918	29.07	0	0	0	0	0
00:00:13.217	1557996987236	160.228	126.468	177.776	118.697	949.576	41.328	29.255	0	0	0	0	0
00:00:13.233	1557996987252	0	0	178.201	119.874	931.639	41.501	28.582	0	0	0	0	0
00:00:13.250	1557996987269	0	0	178.156	118.999	933.442	41.362	28.734	0	0	0	0	0
00:00:13.267	1557996987286	160.552	126.138	177.923	119.362	943.838	41.798	28.751	0	0	0	0	0
00:00:13.283	1557996987302	0	0	178.55	118.74	976.251	42.394	29.32	0	0	0	0	0
00:00:13.300	1557996987319	0	0	178.308	119.565	979.311	42.442	29.379	0	0	0	0	0
00:00:13.317	1557996987336	160.228	126.263	178.953	118.65	970.365	42.867	28.822	0	0	0	0	0
00:00:13.333	1557996987352	0	0	177.772	119.66	1011.645	44.682	28.827	0	0	0	0	0
00:00:13.350	1557996987369	0	0	178.447	118.51	983.102	42.511	29.445	0	0	0	0	0
00:00:13.367	1557996987386	160.457	126.366	178.608	119.428	978.291	41.783	29.811	0	0	0	0	0
00:00:13.383	1557996987402	0	0	178.174	119.219	955.572	41.973	28.987	0	0	0	0	0
00:00:13.400	1557996987419	0	0	178.871	119.723	995.625	43.791	28.948	0	0	0	0	0
00:00:13.417	1557996987436	160.395	126.631	178.862	118.829	1023.327	43.433	29.999	0	0	0	0	0
00:00:13.433	1557996987452	0	0	178.074	120.159	978.666	42.466	29.343	0	0	0	0	0
00:00:13.450	1557996987469	0	0	178.744	118.887	1019.551	42.469	30.567	0	0	0	0	0
00:00:13.467	1557996987486	160.675	126.109	178.574	120.023	1030.047	45.002	29.143	0	0	0	0	0
00:00:13.483	1557996987502	0	0	178.91	118.567	1030.65	41.931	31.296	0	0	0	0	0
00:00:13.500	1557996987519	0	0	178.338	119.631	1028.344	43.329	30.218	0	0	0	0	0
00:00:13.517	1557996987536	160.538	126.492	179.283	119.66	1042.955	44.021	30.166	0	0	0	0	0
00:00:13.533	1557996987552	0	0	178.276	119.93	972.984	42.69	29.019	0	0	0	0	0
00:00:13.550	1557996987569	0	0	178.621	119.431	1040.106	44.023	30.082	0	0	0	0	0
00:00:13.567	1557996987586	160.391	126.384	178.402	119.543	1051.019	43.166	31.001	0	0	0	0	0
00:00:13.583	1557996987602	0	0	177.579	119.047	1033.038	42.489	30.956	0	0	0	0	0
00:00:13.600	1557996987619	0	0	0	0	0	0	0	0	0	0	0	0
00:00:13.617	1557996987636	0	0	0	0	0	0	0	0	0	0	0	0
00:00:13.633	1557996987652	0	0	0	0	0	0	0	0	0	0	0	0
00:00:13.650	1557996987669	0	0	0	0	0	0	0	0	0	0	0	0
00:00:13.667	1557996987686	0	0	0	0	0	0	0	0	0	0	0	0
00:00:13.683	1557996987702	179.053	118.595	179.053	118.595	978.432	43.917	28.367	0	0	0	0	0
00:00:13.700	1557996987719	162.143	127.125	179.494	119.509	979.424	44.434	28.065	0	0	0	0	0
00:00:13.717	1557996987736	162.357	125.182	179.382	118.49	967.996	42.52	28.986	0	0	0	0	0
00:00:13.733	1557996987752	162.957	125.959	180.221	119.306	1006.39	44.254	28.955	0	0	0	0	0
00:00:13.750	1557996987769	162.702	125.232	179.581	118.539	987.869	42.537	29.569	0	0	0	0	0
00:00:13.767	1557996987786	163.159	126.023	180.464	119.231	1001.283	44.039	28.949	0	0	0	0	0
00:00:13.783	1557996987802	162.772	125.321	179.86	118.653	1035.808	44.994	29.311	0	0	0	0	0
00:00:13.800	1557996987819	163.126	125.89	180.483	119.003	1018.412	43.671	29.692	0	0	0	0	0
00:00:13.817	1557996987836	163.229	125.436	180.618	118.887	1039.1	44.911	29.458	0	0	0	0	0
00:00:13.833	1557996987852	163.112	125.913	180.401	119.549	1022.691	44.409	29.322	0	0	0	0	0
00:00:13.850	1557996987869	162.968	125.554	180.139	118.978	979.224	43.964	28.359	0	0	0	0	0
00:00:13.867	1557996987886	163.354	126.141	180.904	119.632	974.017	43.682	28.391	0	0	0	0	0
00:00:13.883	1557996987902	163.402	125.173	180.577	118.505	984.358	43.483	28.824	0	0	0	0	0
00:00:13.900	1557996987919	163.384	126.155	180.435	119.931	955.783	44.838	27.141	0	0	0	0	0
00:00:13.917	1557996987936	163.726	125.065	181.346	118.653	999.055	44.356	28.678	0	0	0	0	0
00:00:13.933	1557996987952	0	0	0	0	0	0	0	0	0	0	0	0
00:00:13.950	1557996987969	0	0	180.659	118.243	1010.151	44.989	28.588	0	0	0	0	0
00:00:13.967	1557996987986	146.538	131.854	181.378	119.033	987.2	43.805	28.694	0	0	0	0	0
00:00:13.983	1557996988002	0	0	0	0	0	0	0	0	0	0	0	0
00:00:14.000	1557996988019	0	0	181.66	118.822	991.798	44.898	28.126	0	0	0	0	0
00:00:14.017	1557996988036	146.937	130.52	0	0	0	0	0	0	0	0	0	0
00:00:14.033	1557996988052	0	0	0	0	0	0	0	0	0	0	0	0
00:00:14.050	1557996988069	0	0	180.58	119.832	1044.668	44.444	29.928	0	0	0	0	0
00:00:14.067	1557996988086	161.956	129.536	180.653	122.731	1194.049	45.764	33.221	0	0	0	0	0
00:00:14.083	1557996988102	0	0	180.902	121.88	1287.447	46.972	34.898	0	0	0	0	0
00:00:14.100	1557996988119	0	0	179.761	122.628	1232.464	46.651	33.638	0	0	0	0	0
00:00:14.117	1557996988136	162.202	129.459	179.636	121.327	1233.839	46.232	33.98	0	0	0	0	0
00:00:14.133	1557996988152	0	0	180.068	122.077	1224.209	45.559	34.213	0	0	0	0	0
00:00:14.150	1557996988169	0	0	180.438	121.216	1233.024	44.703	35.12	0	0	0	0	0
00:00:14.167	1557996988186	162.348	129.016	180.411	122.292	1202.958	45.853	33.403	0	0	0	0	0
00:00:14.183	1557996988202	0	0	180.299	121.516	1185.22	45.763	32.975	0	0	0	0	0
00:00:14.200	1557996988219	0	0	180.257	121.956	1204.678	45.499	33.712	0	0	0	0	0
00:00:14.217	1557996988236	162.224	128.665	180.495	120.401	1246.368	45.477	34.895	0	0	0	0	0
00:00:14.233	1557996988252	0	0	179.954	121.487	1203.732	46.421	33.016	0	0	0	0	0
00:00:14.250	1557996988269	0	0	179.493	121.188	1209.246	47.404	32.48	0	0	0	0	0
00:00:14.267	1557996988286	146.566	134.397	181.621	120.177	1063.471	44.753	30.256	0	0	0	0	0
00:00:14.283	1557996988302	0	0	0	0	0	0	0	0	0	0	0	0
00:00:14.300	1557996988319	0	0	0	0	0	0	0	0	0	0	0	0
00:00:14.317	1557996988336	103.937	86.254	58.101	49.157	2597.241	73.193	45.18	0	0	0	0	0
00:00:14.333	1557996988352	0	0	57.93	45.886	3155.437	72.982	55.049	0	0	0	0	0
00:00:14.350	1557996988369	0	0	0	0	0	0	0	0	0	0	0	0
00:00:14.367	1557996988386	149.612	127.599	0	0	0	0	0	0	0	0	0	0
00:00:14.383	1557996988402	0	0	0	0	0	0	0	0	0	0	0	0
00:00:14.400	1557996988419	0	0	195.325	80.598	917.384	43.07	27.12	0	0	0	0	0
00:00:14.417	1557996988436	149.19	127.535	0	0	0	0	0	0	0	0	0	0
00:00:14.433	1557996988452	0	0	0	0	0	0	0	0	0	0	0	0
00:00:14.450	1557996988469	0	0	0	0	0	0	0	0	0	0	0	0
00:00:14.467	1557996988486	148.958	128.285	0	0	0	0	0	0	0	0	0	0
00:00:14.483	1557996988502	0	0	0	0	0	0	0	0	0	0	0	0
00:00:14.500	1557996988519	0	0	0	0	0	0	0	0	0	0	0	0
00:00:14.517	1557996988536	148.953	127.624	0	0	0	0	0	0	0	0	0	0
00:00:14.533	1557996988552	0	0	0	0	0	0	0	0	0	0	0	0
00:00:14.550	1557996988569	0	0	0	0	0	0	0	0	0	0	0	0
00:00:14.567	1557996988586	0	0	0	0	0	0	0	0	0	0	0	0
00:00:14.583	1557996988602	0	0	0	0	0	0	0	0	0	0	0	0
00:00:14.600	1557996988619	0	0	0	0	0	0	0	0	0	0	0	0
00:00:14.617	1557996988636	0	0	0	0	0	0	0	0	0	0	0	0
00:00:14.633	1557996988652	0	0	0	0	0	0	0	0	0	0	0	0
00:00:14.650	1557996988669	0	0	0	0	0	0	0	0	0	0	0	0
00:00:14.667	1557996988686	0	0	0	0	0	0	0	0	0	0	0	0
00:00:14.683	1557996988702	0	0	0	0	0	0	0	0	0	0	0	0
00:00:14.700	1557996988719	229.927	145.388	254.622	132.354	998.661	44.658	28.473	0	0	0	0	0
00:00:14.717	1557996988736	228.856	144.64	253.479	131.262	1335.724	47.297	35.958	0	0	0	0	0
00:00:14.733	1557996988752	229.222	146.196	253.434	133.253	1533.55	47.388	41.204	0	0	0	0	0
00:00:14.750	1557996988769	226.416	144.628	250.439	131.753	1651.874	46.63	45.104	0	0	0	0	0
00:00:14.767	1557996988786	220.697	144.047	244.328	132.185	1702.444	47.981	45.176	0	0	0	0	0
00:00:14.783	1557996988802	217.771	141.973	241.087	130.247	1659.251	47.399	44.571	0	0	0	0	0
00:00:14.800	1557996988819	215.045	140.465	238.202	129.221	1650.786	46.772	44.938	0	0	0	0	0
00:00:14.817	1557996988836	212.563	139.015	235.152	128.102	1528.945	46.615	41.762	0	0	0	0	0
00:00:14.833	1557996988852	210.647	138.468	233.529	128.247	1466.549	47.165	39.591	0	0	0	0	0
00:00:14.850	1557996988869	208.712	135.828	231.224	125.365	1559.738	46.813	42.423	0	0	0	0	0
00:00:14.867	1557996988886	206.979	135.692	229.413	125.456	1538.953	47.261	41.461	0	0	0	0	0
00:00:14.883	1557996988902	205.487	134.079	227.917	124.007	1554.925	46.896	42.217	0	0	0	0	0
00:00:14.900	1557996988919	204.793	134.871	227.125	125.206	1352.066	48.548	35.46	0	0	0	0	0
00:00:14.917	1557996988936	204.394	132.854	226.319	123.52	1277.674	49.319	32.985	0	0	0	0	0
00:00:14.933	1557996988952	203.618	133.28	225.48	123.252	1293.962	49.265	33.442	0	0	0	0	0
00:00:14.950	1557996988969	202.515	131.939	224.748	121.924	1290.43	46.769	35.131	0	0	0	0	0
00:00:14.967	1557996988986	202.021	131.382	224.622	120.812	1367.737	45.23	38.503	0	0	0	0	0
00:00:14.983	1557996989002	201.876	131.595	223.979	121.593	1215.096	46.05	33.596	0	0	0	0	0
00:00:15.000	1557996989019	201.903	132.157	224.775	122.645	1088.947	45.883	30.218	0	0	0	0	0
00:00:15.017	1557996989036	201.258	131.367	223.582	121.614	1037.883	45.268	29.192	0	0	0	0	0
00:00:15.033	1557996989052	201.504	130.272	223.83	120.086	1164.958	43.241	34.302	0	0	0	0	0
00:00:15.050	1557996989069	200.926	130.629	223.441	121.347	993.394	44.767	28.254	0	0	0	0	0
00:00:15.067	1557996989086	200.96	130.262	223.694	120.435	1014.044	42.358	30.481	0	0	0	0	0
00:00:15.083	1557996989102	200.761	130.63	223.274	121.374	921.001	43.857	26.738	0	0	0	0	0
00:00:15.100	1557996989119	200.675	130.932	223.359	121.6	885.792	41.905	26.914	0	0	0	0	0
00:00:15.117	1557996989136	116.233	93.677	54.844	47.89	3236.69	81.454	50.594	0	0	0	0	0
00:00:15.133	1557996989152	200.257	130.099	223.569	121.422	889.929	41.41	27.363	0	0	0	0	0
00:00:15.150	1557996989169	200.798	130.107	223.959	120.879	829.46	41.545	25.421	0	0	0	0	0
00:00:15.167	1557996989186	200.746	129.07	223.875	119.08	988.853	40.235	31.292	0	0	0	0	0
00:00:15.183	1557996989202	200.318	129.36	223.27	119.225	891.247	39.57	28.678	0	0	0	0	0
00:00:15.200	1557996989219	200.401	130.317	223.716	120.964	823.203	40.266	26.03	0	0	0	0	0
00:00:15.217	1557996989236	200.052	129.71	222.913	120.355	826.469	41.269	25.498	0	0	0	0	0
00:00:15.233	1557996989252	199.847	129.745	222.913	120.355	826.469	41.269	25.498	0	0	0	0	0
00:00:15.250	1557996989269	199.594	129.084	223.406	118.912	836.128	38.568	27.603	0	0	0	0	0
00:00:15.267	1557996989286	200.211	130.181	223.469	121.037	798.241	40.92	24.838	0	0	0	0	0
00:00:15.283	1557996989302	200.204	129.92	223.469	121.037	798.241	40.92	24.838	0	0	0	0	0
00:00:15.300	1557996989319	200.051	130.052	223.989	120.032	821.359	37.502	27.886	0	0	0	0	0
00:00:15.317	1557996989336	200.214	129.514	223.517	119.341	843.101	38.614	27.8	0	0	0	0	0
00:00:15.333	1557996989352	200.989	130.215	223.517	119.341	843.101	38.614	27.8	0	0	0	0	0
00:00:15.350	1557996989369	201.651	131.34	225.241	121.549	832.654	39.069	27.135	0	0	0	0	0
00:00:15.367	1557996989386	201.881	131.205	225.088	120.606	858.262	38.753	28.198	0	0	0	0	0
00:00:15.383	1557996989402	202.034	131.185	225.088	120.606	858.262	38.753	28.198	0	0	0	0	0
00:00:15.400	1557996989419	202.37	130.813	225.649	119.854	874.951	37.922	29.376	0	0	0	0	0
00:00:15.417	1557996989436	202.432	131.017	225.882	120.927	821.5	37.465	27.918	0	0	0	0	0
00:00:15.433	1557996989452	202.82	131.167	225.882	120.927	821.5	37.465	27.918	0	0	0	0	0
00:00:15.450	1557996989469	203.056	130.622	226.251	119.792	811.274	37.698	27.4	0	0	0	0	0
00:00:15.467	1557996989486	203.078	130.997	226.348	119.92	886.548	37.029	30.484	0	0	0	0	0
00:00:15.483	1557996989502	203.135	130.584	226.348	119.92	886.548	37.029	30.484	0	0	0	0	0
00:00:15.500	1557996989519	203.31	131.428	226.739	121.567	787.19	38.515	26.023	0	0	0	0	0
00:00:15.517	1557996989536	203.18	130.751	226.453	120.398	809.921	37.63	27.405	0	0	0	0	0
00:00:15.533	1557996989552	203.256	131.118	226.453	120.398	809.921	37.63	27.405	0	0	0	0	0
00:00:15.550	1557996989569	203.478	131.591	226.62	121.515	789.43	37.362	26.903	0	0	0	0	0
00:00:15.567	1557996989586	203.293	131.312	226.646	120.692	817.66	36.663	28.396	0	0	0	0	0
00:00:15.583	1557996989602	203.188	131.067	226.646	120.692	817.66	36.663	28.396	0	0	0	0	0
00:00:15.600	1557996989619	203.376	131.315	226.567	120.354	819.46	36.786	28.364	0	0	0	0	0
00:00:15.617	1557996989636	203.277	131.456	226.398	120.81	768.697	37.058	26.411	0	0	0	0	0
00:00:15.633	1557996989652	203.513	131.502	226.398	120.81	768.697	37.058	26.411	0	0	0	0	0
00:00:15.650	1557996989669	203.342	131.052	226.797	120.555	787.686	36.145	27.747	0	0	0	0	0
00:00:15.667	1557996989686	203.542	131.753	226.664	121.017	786.883	35.536	28.194	0	0	0	0	0
00:00:15.683	1557996989702	203.527	131.489	226.664	121.017	786.883	35.536	28.194	0	0	0	0	0
00:00:15.700	1557996989719	203.192	131.302	226.416	120.271	749.877	36.157	26.406	0	0	0	0	0
00:00:15.717	1557996989736	203.281	131.67	226.449	121.519	725.959	36.51	25.317	0	0	0	0	0
00:00:15.733	1557996989752	203.353	132.278	226.449	121.519	725.959	36.51	25.317	0	0	0	0	0
00:00:15.750	1557996989769	203.1	131.535	226.475	120.663	780.753	34.758	28.6	0	0	0	0	0
00:00:15.767	1557996989786	203.009	131.514	226.32	120.554	800.886	34.931	29.192	0	0	0	0	0
00:00:15.783	1557996989802	203.023	131.425	226.32	120.554	800.886	34.931	29.192	0	0	0	0	0
00:00:15.800	1557996989819	203.172	131.242	226.507	120.247	779.864	34.513	28.771	0	0	0	0	0
00:00:15.817	1557996989836	203.25	130.751	226.04	120.171	743.521	35.091	26.978	0	0	0	0	0
00:00:15.833	1557996989852	202.942	131.151	226.04	120.171	743.521	35.091	26.978	0	0	0	0	0
00:00:15.850	1557996989869	202.723	131.513	226.129	121.348	713.52	35.513	25.581	0	0	0	0	0
00:00:15.867	1557996989886	202.773	131.089	225.771	120.24	743.439	34.391	27.524	0	0	0	0	0
00:00:15.883	1557996989902	202.813	131.45	226.116	120.542	699.317	33.926	26.245	0	0	0	0	0
00:00:15.900	1557996989919	202.172	130.782	225.769	119.854	752.156	34.107	28.078	0	0	0	0	0
00:00:15.917	1557996989936	202.011	131.111	225.448	120.511	747.38	34.133	27.879	0	0	0	0	0
00:00:15.933	1557996989952	201.843	130.894	225.439	120.239	741.857	34.139	27.668	0	0	0	0	0
00:00:15.950	1557996989969	202.099	131.428	225.447	120.759	702.265	35.565	25.141	0	0	0	0	0
00:00:15.967	1557996989986	202.022	131.434	225.294	120.771	694.637	34.121	25.92	0	0	0	0	0
00:00:15.983	1557996990002	201.853	131.055	225.294	120.307	688.925	34.692	25.284	0	0	0	0	0
00:00:16.000	1557996990019	201.926	132.116	225.163	121.196	702.94	34.685	25.804	0	0	0	0	0
00:00:16.017	1557996990036	201.735	132.078	224.78	121.12	672.16	35.254	24.276	0	0	0	0	0
00:00:16.033	1557996990052	201.268	131.669	225.09	121.014	692.91	34.943	25.248	0	0	0	0	0
00:00:16.050	1557996990069	201.486	130.837	224.922	120.471	725.048	34.108	27.066	0	0	0	0	0
00:00:16.067	1557996990086	201.283	130.777	224.515	120.351	730.566	33.535	27.738	0	0	0	0	0
00:00:16.083	1557996990102	201.43	131.234	224.776	120.586	736.919	33.598	27.926	0	0	0	0	0
00:00:16.100	1557996990119	200.986	131.278	224.414	120.276	753.879	33.934	28.286	0	0	0	0	0
00:00:16.117	1557996990136	201.045	131.454	224.532	120.627	711.146	33.654	26.905	0	0	0	0	0
00:00:16.133	1557996990152	201.014	131.18	224.36	119.728	756.488	33.506	28.747	0	0	0	0	0
00:00:16.150	1557996990169	200.979	131.618	224.203	121.407	662.812	34.38	24.547	0	0	0	0	0
00:00:16.167	1557996990186	200.878	130.891	224.001	119.953	727.871	34.057	27.212	0	0	0	0	0
00:00:16.183	1557996990202	200.908	130.9	224.015	120.173	733.798	32.95	28.355	0	0	0	0	0
00:00:16.200	1557996990219	199.925	131.325	223.487	120.799	671.366	34.491	24.783	0	0	0	0	0
00:00:16.217	1557996990236	199.986	130.975	223.611	120.098	750.793	32.814	29.132	0	0	0	0	0
00:00:16.233	1557996990252	199.882	130.436	223.531	119.73	721.507	34.555	26.585	0	0	0	0	0
00:00:16.250	1557996990269	199.755	130.647	223.173	120.182	676.517	34.177	25.203	0	0	0	0	0
00:00:16.267	1557996990286	199.794	130.191	223.251	119.27	728.627	33.258	27.894	0	0	0	0	0
00:00:16.283	1557996990302	199.845	131.303	222.719	120.918	684.198	34.038	25.594	0	0	0	0	0
00:00:16.300	1557996990319	199.248	130.554	222.612	119.401	739.793	33.375	28.223	0	0	0	0	0
00:00:16.317	1557996990336	199.286	130.85	222.687	119.993	684.903	33.646	25.918	0	0	0	0	0
00:00:16.333	1557996990352	198.978	129.731	222.487	119.204	710.474	33.728	26.82	0	0	0	0	0
00:00:16.350	1557996990369	199.285	130.074	222.385	120.488	647.854	34.175	24.137	0	0	0	0	0
00:00:16.367	1557996990386	199.088	129.391	221.993	119.123	701.308	34.007	26.258	0	0	0	0	0
00:00:16.383	1557996990402	198.407	130.269	222.056	120.756	665.789	35.056	24.181	0	0	0	0	0
00:00:16.400	1557996990419	155.727	106.045	136.53	71.508	793.786	40.67	24.851	0	0	0	0	0
00:00:16.417	1557996990436	198.532	130.459	222.14	120.335	657.273	35.31	23.701	0	0	0	0	0
00:00:16.433	1557996990452	198.35	129.276	221.812	118.652	695.352	33.35	26.547	0	0	0	0	0
00:00:16.450	1557996990469	198.167	130.564	221.513	120.752	635.906	34.873	23.217	0	0	0	0	0
00:00:16.467	1557996990486	198.139	129.635	221.457	118.894	714.14	33.779	26.918	0	0	0	0	0
00:00:16.483	1557996990502	198.003	130.281	221.483	118.976	695.116	34.047	25.995	0	0	0	0	0
00:00:16.500	1557996990519	198.343	130.005	221.415	119.296	686.637	33.905	25.786	0	0	0	0	0
00:00:16.517	1557996990536	198.081	130.868	221.24	120.825	647.991	34.584	23.856	0	0	0	0	0
00:00:16.533	1557996990552	197.903	130.352	221.169	120.457	653.826	34.145	24.381	0	0	0	0	0
00:00:16.550	1557996990569	198.287	130.062	221.489	119.997	656.671	33.525	24.939	0	0	0	0	0
00:00:16.567	1557996990586	197.832	130.369	220.581	120.61	648.876	35.473	23.29	0	0	0	0	0
00:00:16.583	1557996990602	198.011	130.683	221.324	120.421	647.002	34.996	23.54	0	0	0	0	0
00:00:16.600	1557996990619	198.04	129.809	221.371	119.076	720.274	33.01	27.782	0	0	0	0	0
00:00:16.617	1557996990636	197.831	130.828	221.133	120.552	667.158	34.236	24.811	0	0	0	0	0
00:00:16.633	1557996990652	197.708	129.745	221.084	119.599	688.508	34.247	25.598	0	0	0	0	0
00:00:16.650	1557996990669	197.573	130.713	220.813	120.41	666.301	35.316	24.022	0	0	0	0	0
00:00:16.667	1557996990686	197.88	129.749	220.932	119.011	717.409	33.986	26.876	0	0	0	0	0
00:00:16.683	1557996990702	197.738	130.291	221.105	119.63	737.001	33.633	27.9	0	0	0	0	0
00:00:16.700	1557996990719	197.489	129.877	220.843	119.081	733.821	34.602	27.002	0	0	0	0	0
00:00:16.717	1557996990736	197.77	130.664	221.17	120.572	680.687	34.269	25.291	0	0	0	0	0
00:00:16.733	1557996990752	197.705	130.247	220.952	120.147	706.681	34.685	25.942	0	0	0	0	0
00:00:16.750	1557996990769	197.905	130.523	221.327	119.887	711.296	34.092	26.565	0	0	0	0	0
00:00:16.767	1557996990786	197.887	130.223	221.019	119.763	697.438	34.966	25.396	0	0	0	0	0
00:00:16.783	1557996990802	198.12	130.809	221.396	120.385	749.758	33.138	28.808	0	0	0	0	0
00:00:16.800	1557996990819	197.829	130.115	221.173	119.746	736.036	34.273	27.344	0	0	0	0	0
00:00:16.817	1557996990836	197.581	130.624	221.186	119.996	721.208	34.161	26.881	0	0	0	0	0
00:00:16.833	1557996990852	197.915	130.005	221.151	119.077	777.727	33.8	29.297	0	0	0	0	0
00:00:16.850	1557996990869	197.68	130.436	221.096	119.973	705.957	34.493	26.059	0	0	0	0	0
00:00:16.867	1557996990886	198.172	129.824	221.158	118.916	769.59	34.264	28.597	0	0	0	0	0
00:00:16.883	1557996990902	198.036	130.326	221.42	119.634	688.098	34.187	25.627	0	0	0	0	0
00:00:16.900	1557996990919	198.008	129.84	221.061	119.162	743.826	33.851	27.978	0	0	0	0	0
00:00:16.917	1557996990936	197.763	130.201	221.877	119.139	716.035	33.374	27.317	0	0	0	0	0
00:00:16.933	1557996990952	197.95	130.883	221.401	120.676	669.5	36.04	23.652	0	0	0	0	0
00:00:16.950	1557996990969	198.185	130.378	221.575	120.386	680.028	34.167	25.341	0	0	0	0	0
00:00:16.967	1557996990986	198.336	130.177	221.428	119.833	703.696	34.35	26.084	0	0	0	0	0
00:00:16.983	1557996991002	197.924	130.441	221.891	119.794	687.408	35.895	24.383	0	0	0	0	0
00:00:17.000	1557996991019	198.943	129.538	221.725	119.104	735.743	34.016	27.539	0	0	0	0	0
00:00:17.017	1557996991036	198.306	130.56	221.813	120.504	645.929	36.288	22.664	0	0	0	0	0
00:00:17.033	1557996991052	197.986	130.34	221.094	120.591	700.234	36.127	24.679	0	0	0	0	0
00:00:17.050	1557996991069	198.263	130.853	221.992	120.453	649.057	34.575	23.902	0	0	0	0	0
00:00:17.067	1557996991086	198.65	130.214	221.891	119.677	685.437	34.481	25.311	0	0	0	0	0
00:00:17.083	1557996991102	198.449	130.799	221.654	120.319	650.746	36.219	22.877	0	0	0	0	0
00:00:17.100	1557996991119	198.318	129.509	221.844	118.89	738.307	34.398	27.329	0	0	0	0	0
00:00:17.117	1557996991136	198.338	130.309	221.865	119.845	679.799	34.333	25.21	0	0	0	0	0
00:00:17.133	1557996991152	198.711	130.212	221.837	120.038	657.999	35.15	23.835	0	0	0	0	0
00:00:17.150	1557996991169	198.468	130.836	221.576	120.831	674.069	36.047	23.809	0	0	0	0	0
00:00:17.167	1557996991186	198.554	130.189	221.689	119.432	710.451	34.112	26.518	0	0	0	0	0
00:00:17.183	1557996991202	198.282	131.175	221.325	120.763	687.209	37.055	23.613	0	0	0	0	0
00:00:17.200	1557996991219	198.566	130.761	222.04	120.431	652.109	36.247	22.907	0	0	0	0	0
00:00:17.217	1557996991236	198.152	130.825	221.611	121.14	659.104	35.324	23.757	0	0	0	0	0
00:00:17.233	1557996991252	198.763	130.462	221.975	119.698	656.177	34.45	24.252	0	0	0	0	0
00:00:17.250	1557996991269	198.433	131.12	221.916	121.109	668.399	34.063	24.984	0	0	0	0	0
00:00:17.267	1557996991286	198.491	130.09	221.888	119.399	679.826	33.166	26.099	0	0	0	0	0
00:00:17.283	1557996991302	198.569	131.113	221.662	120.958	673.055	34.115	25.12	0	0	0	0	0
00:00:17.300	1557996991319	198.422	130.243	221.718	119.513	708.377	32.94	27.381	0	0	0	0	0
00:00:17.317	1557996991336	198.557	131.141	222.025	120.755	659.798	33.739	24.899	0	0	0	0	0
00:00:17.333	1557996991352	199.151	130.695	222.545	120.511	630.429	33.566	23.914	0	0	0	0	0
