rec_time	UTC	Dikablis Professional Wireless  (DGW18050)_Eye Data_Original_Pupil X	Dikablis Professional Wireless  (DGW18050)_Eye Data_Original_Pupil Y	Dikablis Professional Wireless  (DGW18050)_Eye Data_Original_Right Eye_Pupil X	Dikablis Professional Wireless  (DGW18050)_Eye Data_Original_Right Eye_Pupil Y	Dikablis Professional Wireless  (DGW18050)_Eye Data_Original_Right Eye_Pupil Area	Dikablis Professional Wireless  (DGW18050)_Eye Data_Original_Right Eye_Pupil Height	Dikablis Professional Wireless  (DGW18050)_Eye Data_Original_Right Eye_Pupil Width	Dikablis Professional Wireless  (DGW18050)_Eye Data_Original_Right Eye_Fixations_Fixations	Dikablis Professional Wireless  (DGW18050)_Eye Data_Original_Right Eye_Fixations_Fixations Duration	Dikablis Professional Wireless  (DGW18050)_Eye Data_Original_Right Eye_Saccades_Saccades	Dikablis Professional Wireless  (DGW18050)_Eye Data_Original_Right Eye_Saccades_Saccades Duration	Dikablis Professional Wireless  (DGW18050)_Eye Data_Original_Right Eye_Saccades_Saccades Angle
00:00:00.151	1557996974170	227.89	128.333	0	0	0	0	0	0	0	0	0	0
00:00:00.167	1557996974186	0	0	0	0	0	0	0	0	0	0	0	0
00:00:00.184	1557996974203	221.207	123.942	0	0	0	0	0	0	0	0	0	0
00:00:00.201	1557996974220	192.742	133.837	165.385	144.123	264.277	20.857	16.133	0	0	0	0	0
00:00:00.217	1557996974236	192.134	133.489	165.385	144.123	264.277	20.857	16.133	0	0	0	0	0
00:00:00.234	1557996974253	218.874	122.38	0	0	0	0	0	0	0	0	0	0
00:00:00.251	1557996974270	216.624	121.946	0	0	0	0	0	0	0	0	0	0
00:00:00.267	1557996974286	216.414	122.326	0	0	0	0	0	0	0	0	0	0
00:00:00.284	1557996974303	191.211	132.876	167.462	143.645	397.574	26.696	18.962	0	0	0	0	0
00:00:00.301	1557996974320	214.521	122.461	0	0	0	0	0	0	0	0	0	0
00:00:00.317	1557996974336	189.812	133.248	165.031	144.109	411.499	27.133	19.31	0	0	0	0	0
00:00:00.334	1557996974353	188.488	134.409	163.658	146.024	307.773	22.577	17.357	0	0	0	0	0
00:00:00.351	1557996974370	185.669	132.531	161.952	143.59	394.418	26.238	19.139	0	0	0	0	0
00:00:00.367	1557996974386	179.843	132.247	155.938	142.873	412.244	27.971	18.765	0	0	0	0	0
00:00:00.384	1557996974403	180.205	132.121	156.578	143.219	530.361	30.943	21.823	0	0	0	0	0
00:00:00.401	1557996974420	180.149	132.866	156.592	145.201	511.184	30.022	21.679	0	0	0	0	0
00:00:00.417	1557996974436	155.01	144.025	155.01	144.025	437.449	26	21.422	0	0	0	0	0
00:00:00.434	1557996974453	180.313	132.571	156.554	143.764	470.337	29.811	20.088	0	0	0	0	0
00:00:00.451	1557996974470	180.749	132.169	156.497	143.358	424.369	26.719	20.223	0	0	0	0	0
00:00:00.467	1557996974486	180.406	132.408	155.791	143.09	402.705	28.257	18.146	0	0	0	0	0
00:00:00.484	1557996974503	183.449	131.8	158.316	143.254	479.202	27.742	21.993	0	0	0	0	0
00:00:00.501	1557996974520	181.549	132.586	156.869	144.332	417.718	23.536	22.597	0	0	0	0	0
00:00:00.517	1557996974536	182.428	131.945	158.084	142.717	473.347	27.559	21.869	0	0	0	0	0
00:00:00.534	1557996974553	182.319	133.809	157.109	144.861	388.9	25.473	19.439	0	0	0	0	0
00:00:00.551	1557996974570	181.397	133.703	155.537	144.825	341.975	21.296	20.445	0	0	0	0	0
00:00:00.567	1557996974586	185.034	133.243	160.342	145.563	416.713	26.836	19.771	0	0	0	0	0
00:00:00.584	1557996974603	184.106	132.618	158.871	144.013	366.957	25.263	18.494	0	0	0	0	0
00:00:00.601	1557996974620	185.144	133.204	160.198	144.847	365.396	25.366	18.341	0	0	0	0	0
00:00:00.617	1557996974636	186.823	133.178	161.821	144.315	406.501	26.717	19.372	0	0	0	0	0
00:00:00.634	1557996974653	186.445	132.051	160.857	143.276	374.352	25.461	18.72	0	0	0	0	0
00:00:00.651	1557996974670	162.989	140.852	162.989	140.852	368.173	25.386	18.466	0	0	0	0	0
00:00:00.667	1557996974686	0	0	0	0	0	0	0	0	0	0	0	0
00:00:00.684	1557996974703	189.664	130.57	165.275	140.79	413.563	24.197	21.762	0	0	0	0	0
00:00:00.701	1557996974720	217.753	120.278	0	0	0	0	0	0	0	0	0	0
00:00:00.717	1557996974736	191.594	129.494	165.758	139.818	323.258	23.976	17.166	0	0	0	0	0
00:00:00.734	1557996974753	220.123	120.526	0	0	0	0	0	0	0	0	0	0
00:00:00.751	1557996974770	218.72	119.904	0	0	0	0	0	0	0	0	0	0
00:00:00.767	1557996974786	195.496	130.193	169.745	140.628	380.842	23.403	20.719	0	0	0	0	0
00:00:00.784	1557996974803	195.015	130.686	168.458	141.959	318.858	22.139	18.338	0	0	0	0	0
00:00:00.801	1557996974820	222.26	120.731	0	0	0	0	0	0	0	0	0	0
00:00:00.817	1557996974836	222.091	120.231	0	0	0	0	0	0	0	0	0	0
00:00:00.834	1557996974853	222.849	121.335	0	0	0	0	0	0	0	0	0	0
00:00:00.851	1557996974870	222.088	120.186	0	0	0	0	0	0	0	0	0	0
00:00:00.867	1557996974886	222.863	119.689	0	0	0	0	0	0	0	0	0	0
00:00:00.884	1557996974903	223.354	118.417	0	0	0	0	0	0	0	0	0	0
00:00:00.901	1557996974920	223.499	120.901	0	0	0	0	0	0	0	0	0	0
00:00:00.917	1557996974936	223.891	120.557	0	0	0	0	0	0	0	0	0	0
00:00:00.934	1557996974953	223.908	120.581	0	0	0	0	0	0	0	0	0	0
00:00:00.951	1557996974970	224.09	119.418	0	0	0	0	0	0	0	0	0	0
00:00:00.967	1557996974986	224.281	121.42	0	0	0	0	0	0	0	0	0	0
00:00:00.984	1557996975003	224.098	120.115	0	0	0	0	0	0	0	0	0	0
00:00:01.001	1557996975020	224.73	120.827	0	0	0	0	0	0	0	0	0	0
00:00:01.017	1557996975036	225.129	120.809	0	0	0	0	0	0	0	0	0	0
00:00:01.034	1557996975053	224.562	120.098	0	0	0	0	0	0	0	0	0	0
00:00:01.051	1557996975070	223.945	120.068	0	0	0	0	0	0	0	0	0	0
00:00:01.067	1557996975086	224.559	121.425	0	0	0	0	0	0	0	0	0	0
00:00:01.084	1557996975103	224.946	120.28	0	0	0	0	0	0	0	0	0	0
00:00:01.101	1557996975120	224.656	119.922	0	0	0	0	0	0	0	0	0	0
00:00:01.117	1557996975136	224.404	120.031	0	0	0	0	0	0	0	0	0	0
00:00:01.134	1557996975153	224.699	120.238	0	0	0	0	0	0	0	0	0	0
00:00:01.151	1557996975170	224.413	121.289	0	0	0	0	0	0	0	0	0	0
00:00:01.167	1557996975186	225.259	120.926	0	0	0	0	0	0	0	0	0	0
00:00:01.184	1557996975203	225.383	119.158	0	0	0	0	0	0	0	0	0	0
00:00:01.201	1557996975220	0	0	0	0	0	0	0	0	0	0	0	0
00:00:01.217	1557996975236	226.726	119.888	0	0	0	0	0	0	0	0	0	0
00:00:01.234	1557996975253	226.303	119.413	0	0	0	0	0	0	0	0	0	0
00:00:01.251	1557996975270	154.007	107.119	174.696	139.058	259.399	20.025	16.493	0	0	0	0	0
00:00:01.267	1557996975286	226.078	119.539	0	0	0	0	0	0	0	0	0	0
00:00:01.284	1557996975303	225.89	119.026	0	0	0	0	0	0	0	0	0	0
00:00:01.301	1557996975320	226.74	119.6	0	0	0	0	0	0	0	0	0	0
00:00:01.317	1557996975336	226.328	119.212	0	0	0	0	0	0	0	0	0	0
00:00:01.334	1557996975353	226.633	119.633	0	0	0	0	0	0	0	0	0	0
00:00:01.351	1557996975370	225.647	118.801	0	0	0	0	0	0	0	0	0	0
00:00:01.367	1557996975386	225.519	119.873	0	0	0	0	0	0	0	0	0	0
00:00:01.384	1557996975403	201.517	128.979	177.813	139.093	298.548	23.632	16.085	0	0	0	0	0
00:00:01.401	1557996975420	225.945	119.47	0	0	0	0	0	0	0	0	0	0
00:00:01.417	1557996975436	225.739	119.671	0	0	0	0	0	0	0	0	0	0
00:00:01.434	1557996975453	225.422	120.431	0	0	0	0	0	0	0	0	0	0
00:00:01.451	1557996975470	226.113	118.443	0	0	0	0	0	0	0	0	0	0
00:00:01.467	1557996975486	0	0	0	0	0	0	0	0	0	0	0	0
00:00:01.484	1557996975503	227.14	116.838	0	0	0	0	0	0	0	0	0	0
00:00:01.501	1557996975520	227.89	117.935	0	0	0	0	0	0	0	0	0	0
00:00:01.517	1557996975536	201.795	125.299	176.117	133.397	288.035	21.591	16.986	0	0	0	0	0
00:00:01.534	1557996975553	0	0	0	0	0	0	0	0	0	0	0	0
00:00:01.551	1557996975570	227.062	116.876	0	0	0	0	0	0	0	0	0	0
00:00:01.567	1557996975586	226.81	117.333	0	0	0	0	0	0	0	0	0	0
00:00:01.584	1557996975603	0	0	0	0	0	0	0	0	0	0	0	0
00:00:01.601	1557996975620	0	0	0	0	0	0	0	0	0	0	0	0
00:00:01.617	1557996975636	199.983	103.014	172.321	125.414	362.06	27.614	16.694	0	0	0	0	0
00:00:01.634	1557996975653	198.009	101.463	169.398	123.17	279.93	21.068	16.918	0	0	0	0	0
00:00:01.651	1557996975670	200.178	102.329	173.647	123.672	415.508	27.418	19.295	0	0	0	0	0
00:00:01.667	1557996975686	200.184	102.415	173.804	124.331	368.929	25.949	18.102	0	0	0	0	0
00:00:01.684	1557996975703	0	0	0	0	0	0	0	0	0	0	0	0
00:00:01.701	1557996975720	226.231	81.079	0	0	0	0	0	0	0	0	0	0
00:00:01.717	1557996975736	199.933	101.495	173.561	123.095	361.097	24.229	18.975	0	0	0	0	0
00:00:01.734	1557996975753	199.351	102.253	172.386	123.9	297.886	21.01	18.052	0	0	0	0	0
00:00:01.751	1557996975770	199.03	101.694	172.081	123.512	308.755	21.324	18.435	0	0	0	0	0
00:00:01.767	1557996975786	200.162	102.541	174.213	124.2	336.709	25.746	16.652	0	0	0	0	0
00:00:01.784	1557996975803	200.311	101.285	174.394	123.004	369.841	24.462	19.25	0	0	0	0	0
00:00:01.801	1557996975820	200.41	102.056	174.945	122.981	365.627	27.493	16.933	0	0	0	0	0
00:00:01.817	1557996975836	200.711	102.199	175.526	124.293	443.055	28.101	20.074	0	0	0	0	0
00:00:01.834	1557996975853	199.489	102.66	173.128	124.483	328.411	22.197	18.838	0	0	0	0	0
00:00:01.851	1557996975870	199.534	101.421	173.07	122.983	318.427	20.835	19.459	0	0	0	0	0
00:00:01.867	1557996975886	199.591	102.871	172.781	124.988	282.271	22.556	15.934	0	0	0	0	0
00:00:01.884	1557996975903	198.921	101.876	172.577	123.304	317.663	24.408	16.571	0	0	0	0	0
00:00:01.901	1557996975920	193.856	102.505	167.438	124.067	314.722	22.313	17.959	0	0	0	0	0
00:00:01.917	1557996975936	190.731	102.587	165.176	124.21	433.966	27.12	20.374	0	0	0	0	0
00:00:01.934	1557996975953	190.552	102.937	164.802	124.924	408.989	24.138	21.574	0	0	0	0	0
00:00:01.951	1557996975970	191.393	102.767	166.388	124.276	462.236	28.522	20.634	0	0	0	0	0
00:00:01.967	1557996975986	191.325	102.727	166.122	124.893	446.324	26.617	21.35	0	0	0	0	0
00:00:01.984	1557996976003	191.627	102.719	166.244	123.853	424.419	25.046	21.576	0	0	0	0	0
00:00:02.001	1557996976020	111.531	87.001	166.786	124.482	440.692	27.826	20.165	0	0	0	0	0
00:00:02.017	1557996976036	193.001	102.497	167.67	123.81	475.831	28.616	21.172	0	0	0	0	0
00:00:02.034	1557996976053	191.047	102.298	167.977	124.577	464.577	27.284	21.68	0	0	0	0	0
00:00:02.051	1557996976070	185.292	101.556	164.057	123.099	387.332	24.381	20.228	0	0	0	0	0
00:00:02.067	1557996976086	177.363	100.85	155.122	122.292	433.591	28.784	19.179	0	0	0	0	0
00:00:02.084	1557996976103	173.904	100.902	149.082	122.203	503.1	29.511	21.706	0	0	0	0	0
00:00:02.101	1557996976120	174.716	100.93	149.461	122.818	496.857	29.363	21.545	0	0	0	0	0
00:00:02.117	1557996976136	176.141	100.785	150.986	122.25	504.351	29.266	21.943	0	0	0	0	0
00:00:02.134	1557996976153	178.771	100.513	153.637	122.453	526.002	30.294	22.108	0	0	0	0	0
00:00:02.151	1557996976170	180.294	100.787	155.329	122.076	538.36	30.93	22.162	0	0	0	0	0
00:00:02.167	1557996976186	181.902	101.18	157.031	122.745	542.067	29.961	23.036	0	0	0	0	0
00:00:02.184	1557996976203	183.557	100.951	159.03	122.335	547.705	30.452	22.901	0	0	0	0	0
00:00:02.201	1557996976220	184.898	100.714	159.898	122.698	528.654	29.581	22.754	0	0	0	0	0
00:00:02.217	1557996976236	185.998	100.628	160.583	121.772	491.052	28.065	22.278	0	0	0	0	0
00:00:02.234	1557996976253	187.514	100.894	162.819	122.745	503.779	29.296	21.894	0	0	0	0	0
00:00:02.251	1557996976270	188.763	101.083	163.78	122.334	512.379	28.369	22.996	0	0	0	0	0
00:00:02.267	1557996976286	165.219	122.555	165.219	122.555	508.867	28.678	22.593	0	0	0	0	0
00:00:02.284	1557996976303	159.602	124.091	159.602	124.091	518.362	28.807	22.911	0	0	0	0	0
00:00:02.301	1557996976320	150.951	127.925	150.951	127.925	555.177	28.696	24.633	0	0	0	0	0
00:00:02.317	1557996976336	148.213	129.216	148.213	129.216	652.044	32.426	25.603	0	0	0	0	0
00:00:02.334	1557996976353	149.918	129.855	149.918	129.855	644.315	31.752	25.837	0	0	0	0	0
00:00:02.351	1557996976370	151.372	128.793	151.372	128.793	649.201	32.099	25.751	0	0	0	0	0
00:00:02.367	1557996976386	152.943	129.081	152.943	129.081	652.803	32.672	25.44	0	0	0	0	0
00:00:02.384	1557996976403	154.413	128.375	154.413	128.375	661.688	32.439	25.972	0	0	0	0	0
00:00:02.401	1557996976420	155.358	128.62	155.358	128.62	660.753	32.421	25.949	0	0	0	0	0
00:00:02.417	1557996976436	155.939	127.816	155.939	127.816	648.436	33.297	24.796	0	0	0	0	0
00:00:02.434	1557996976453	157.165	127.791	157.165	127.791	633.8	32.51	24.822	0	0	0	0	0
00:00:02.451	1557996976470	157.333	127.936	157.333	127.936	680.218	32.213	26.886	0	0	0	0	0
00:00:02.467	1557996976486	158.105	127.359	158.105	127.359	597.406	31.468	24.172	0	0	0	0	0
00:00:02.484	1557996976503	159.223	127.064	159.223	127.064	591.632	30.024	25.089	0	0	0	0	0
00:00:02.501	1557996976520	0	0	0	0	0	0	0	0	0	0	0	0
00:00:02.517	1557996976536	0	0	0	0	0	0	0	0	0	0	0	0
00:00:02.534	1557996976553	0	0	0	0	0	0	0	0	0	0	0	0
00:00:02.551	1557996976570	0	0	0	0	0	0	0	0	0	0	0	0
00:00:02.567	1557996976586	0	0	0	0	0	0	0	0	0	0	0	0
00:00:02.584	1557996976603	55.27	53.427	0	0	0	0	0	0	0	0	0	0
00:00:02.601	1557996976620	155.318	129.947	155.318	129.947	592.77	33.489	22.537	0	0	0	0	0
00:00:02.617	1557996976636	155.986	127.88	155.986	127.88	673.031	33.505	25.576	0	0	0	0	0
00:00:02.634	1557996976653	156.4	127.956	156.4	127.956	688.765	33.677	26.04	0	0	0	0	0
00:00:02.651	1557996976670	156.138	128.125	156.138	128.125	657.724	33.479	25.014	0	0	0	0	0
00:00:02.667	1557996976686	156.532	128.352	156.532	128.352	706.512	33.546	26.816	0	0	0	0	0
00:00:02.684	1557996976703	157.116	127.121	157.116	127.121	673.843	33.736	25.432	0	0	0	0	0
00:00:02.701	1557996976720	157.94	127.485	157.94	127.485	650.866	32.144	25.781	0	0	0	0	0
00:00:02.717	1557996976736	158.174	127.123	158.174	127.123	700.428	31.931	27.929	0	0	0	0	0
00:00:02.734	1557996976753	158.493	128.204	158.493	128.204	693.115	32.245	27.368	0	0	0	0	0
00:00:02.751	1557996976770	106.249	86.261	159.179	126.875	689.239	33.111	26.504	0	0	0	0	0
00:00:02.767	1557996976786	159.488	127.38	159.488	127.38	674.682	33.414	25.709	0	0	0	0	0
00:00:02.784	1557996976803	156.39	128.112	156.39	128.112	651.466	31.566	26.277	0	0	0	0	0
00:00:02.801	1557996976820	155.643	131.645	155.643	131.645	763.123	34.596	28.085	0	0	0	0	0
00:00:02.817	1557996976836	105.849	91.296	155.905	131.954	706.81	31.727	28.365	0	0	0	0	0
00:00:02.834	1557996976853	157.827	131.181	157.827	131.181	687.289	32.394	27.014	0	0	0	0	0
00:00:02.851	1557996976870	158.733	129.62	158.733	129.62	648.692	32.945	25.07	0	0	0	0	0
00:00:02.867	1557996976886	159.051	128.922	159.051	128.922	625.672	33.513	23.771	0	0	0	0	0
00:00:02.884	1557996976903	160.347	130.363	160.347	130.363	723.65	31.957	28.832	0	0	0	0	0
00:00:02.901	1557996976920	161.279	128.884	161.279	128.884	682.182	33	26.321	0	0	0	0	0
00:00:02.917	1557996976936	161.906	127.652	161.906	127.652	666.624	34.329	24.724	0	0	0	0	0
00:00:02.934	1557996976953	161.948	128.567	161.948	128.567	663.399	33.175	25.461	0	0	0	0	0
00:00:02.951	1557996976970	162.532	128.186	162.532	128.186	682.398	30.544	28.446	0	0	0	0	0
00:00:02.967	1557996976986	163.808	127.879	163.808	127.879	683.712	33.363	26.093	0	0	0	0	0
00:00:02.984	1557996977003	163.266	126.449	163.266	126.449	689.3	34.369	25.536	0	0	0	0	0
00:00:03.001	1557996977020	163.876	125.31	163.876	125.31	605.523	32.084	24.03	0	0	0	0	0
00:00:03.017	1557996977036	163.27	125.352	163.27	125.352	670.927	33.972	25.146	0	0	0	0	0
00:00:03.034	1557996977053	162.755	128.671	162.755	128.671	585.464	30.568	24.386	0	0	0	0	0
00:00:03.051	1557996977070	167.793	128.461	167.793	128.461	565.252	30.516	23.584	0	0	0	0	0
00:00:03.067	1557996977086	173.982	129.36	173.982	129.36	563.053	33.257	21.556	0	0	0	0	0
00:00:03.084	1557996977103	260.879	163.078	260.879	163.078	456.306	30.88	18.814	0	0	0	0	0
00:00:03.101	1557996977120	176.354	130.213	176.354	130.213	591.227	31.433	23.949	0	0	0	0	0
00:00:03.117	1557996977136	0	0	0	0	0	0	0	0	0	0	0	0
00:00:03.134	1557996977153	174.217	130.131	174.217	130.131	467.39	26.507	22.451	0	0	0	0	0
00:00:03.151	1557996977170	175.3	129.059	175.3	129.059	532.858	32.454	20.905	0	0	0	0	0
00:00:03.167	1557996977186	0	0	0	0	0	0	0	0	0	0	0	0
00:00:03.184	1557996977203	171.119	128.009	171.119	128.009	335.379	22.681	18.827	0	0	0	0	0
00:00:03.201	1557996977220	170.591	128.505	170.591	128.505	348.96	26.714	16.632	0	0	0	0	0
00:00:03.217	1557996977236	176.644	128.844	176.644	128.844	629.48	34.276	23.383	0	0	0	0	0
00:00:03.234	1557996977253	176.055	128.58	176.055	128.58	623.827	34.539	22.997	0	0	0	0	0
00:00:03.251	1557996977270	174.578	127.95	174.578	127.95	623.528	34.992	22.688	0	0	0	0	0
00:00:03.267	1557996977286	175.12	129.455	175.12	129.455	649.827	36.739	22.521	0	0	0	0	0
00:00:03.284	1557996977303	173.667	127.976	173.667	127.976	611.452	35.237	22.094	0	0	0	0	0
00:00:03.301	1557996977320	173.742	128.97	173.742	128.97	682.728	33.767	25.744	0	0	0	0	0
00:00:03.317	1557996977336	172.307	128.567	172.307	128.567	698.327	36.188	24.57	0	0	0	0	0
00:00:03.334	1557996977353	171.532	127.991	171.532	127.991	660.869	34.484	24.401	0	0	0	0	0
00:00:03.351	1557996977370	195.769	104.507	170.636	126.195	623.1	34.697	22.865	0	0	0	0	0
00:00:03.367	1557996977386	169.982	126.687	169.982	126.687	620.375	34.577	22.844	0	0	0	0	0
00:00:03.384	1557996977403	169.381	126.574	169.381	126.574	674.591	34.025	25.244	0	0	0	0	0
00:00:03.401	1557996977420	261.546	161.253	261.546	161.253	414.42	26.609	19.83	0	0	0	0	0
00:00:03.417	1557996977436	164.933	124.18	164.933	124.18	371.754	26.819	17.649	0	0	0	0	0
00:00:03.434	1557996977453	0	0	0	0	0	0	0	0	0	0	0	0
00:00:03.451	1557996977470	0	0	0	0	0	0	0	0	0	0	0	0
00:00:03.467	1557996977486	169.263	129.702	169.263	129.702	608.266	32.067	24.151	0	0	0	0	0
00:00:03.484	1557996977503	169.083	129.389	169.083	129.389	655.369	34.587	24.126	0	0	0	0	0
00:00:03.501	1557996977520	168.019	128.637	168.019	128.637	642.407	34.331	23.825	0	0	0	0	0
00:00:03.517	1557996977536	110.576	87.341	167.038	128.054	671.524	35.829	23.864	0	0	0	0	0
00:00:03.534	1557996977553	167.4	128.548	167.4	128.548	659.704	35.833	23.441	0	0	0	0	0
00:00:03.551	1557996977570	167.116	127.255	167.116	127.255	689.662	34.215	25.664	0	0	0	0	0
00:00:03.567	1557996977586	165.583	128.029	165.583	128.029	644.168	31.473	26.06	0	0	0	0	0
00:00:03.584	1557996977603	166.256	126.926	166.256	126.926	711.812	35.95	25.21	0	0	0	0	0
00:00:03.601	1557996977620	166.037	126.933	166.037	126.933	680.844	35.447	24.456	0	0	0	0	0
00:00:03.617	1557996977636	165.468	127.306	165.468	127.306	714.205	34.705	26.202	0	0	0	0	0
00:00:03.634	1557996977653	165.773	127.305	165.773	127.305	707.612	34.894	25.82	0	0	0	0	0
00:00:03.651	1557996977670	166.497	126.605	166.497	126.605	739.2	35.944	26.185	0	0	0	0	0
00:00:03.667	1557996977686	165.606	126.945	165.606	126.945	655.476	34.112	24.466	0	0	0	0	0
00:00:03.684	1557996977703	164.892	126.895	164.892	126.895	651.859	33.808	24.55	0	0	0	0	0
00:00:03.701	1557996977720	165.409	127.168	165.409	127.168	624.27	30.344	26.194	0	0	0	0	0
00:00:03.717	1557996977736	166.185	126.522	166.185	126.522	622.166	31.867	24.858	0	0	0	0	0
00:00:03.734	1557996977753	111.213	87.418	166.66	127.672	639.28	32.199	25.279	0	0	0	0	0
00:00:03.751	1557996977770	165.729	126.825	165.729	126.825	678.004	33.516	25.757	0	0	0	0	0
00:00:03.767	1557996977786	167.687	126.541	167.687	126.541	679.131	35.427	24.408	0	0	0	0	0
00:00:03.784	1557996977803	165.371	126.083	165.371	126.083	568.164	30.22	23.938	0	0	0	0	0
00:00:03.801	1557996977820	167.351	126.911	167.351	126.911	626.946	33.128	24.096	0	0	0	0	0
00:00:03.817	1557996977836	0	0	0	0	0	0	0	0	0	0	0	0
00:00:03.834	1557996977853	0	0	0	0	0	0	0	0	0	0	0	0
00:00:03.851	1557996977870	0	0	0	0	0	0	0	0	0	0	0	0
00:00:03.867	1557996977886	0	0	0	0	0	0	0	0	0	0	0	0
00:00:03.884	1557996977903	0	0	0	0	0	0	0	0	0	0	0	0
00:00:03.901	1557996977920	0	0	0	0	0	0	0	0	0	0	0	0
00:00:03.917	1557996977936	166.306	126.897	166.306	126.897	522.447	32.289	20.602	0	0	0	0	0
00:00:03.934	1557996977953	166.753	126.268	166.753	126.268	565.099	28.866	24.925	0	0	0	0	0
00:00:03.951	1557996977970	166.735	126.753	166.735	126.753	659.237	32.623	25.729	0	0	0	0	0
00:00:03.967	1557996977986	167.497	126.002	167.497	126.002	610.533	32.069	24.24	0	0	0	0	0
00:00:03.984	1557996978003	192.605	105.245	167.073	126.752	676.648	32.799	26.267	0	0	0	0	0
00:00:04.001	1557996978020	167.836	126.655	167.836	126.655	619.784	31.391	25.139	0	0	0	0	0
00:00:04.017	1557996978036	168.311	127.127	168.311	127.127	709.665	35.569	25.403	0	0	0	0	0
00:00:04.034	1557996978053	166.944	127.137	166.944	127.137	631.461	34.759	23.131	0	0	0	0	0
00:00:04.051	1557996978070	167.785	127.597	167.785	127.597	628.016	33.335	23.987	0	0	0	0	0
00:00:04.067	1557996978086	0	0	0	0	0	0	0	0	0	0	0	0
00:00:04.084	1557996978103	0	0	0	0	0	0	0	0	0	0	0	0
00:00:04.101	1557996978120	0	0	0	0	0	0	0	0	0	0	0	0
00:00:04.117	1557996978136	0	0	0	0	0	0	0	0	0	0	0	0
00:00:04.134	1557996978153	0	0	0	0	0	0	0	0	0	0	0	0
00:00:04.151	1557996978170	0	0	0	0	0	0	0	0	0	0	0	0
00:00:04.167	1557996978186	197.403	101.432	171.992	123.12	586.339	32.695	22.834	0	0	0	0	0
00:00:04.184	1557996978203	196.896	100.626	171.779	122.325	640.167	35.758	22.795	0	0	0	0	0
00:00:04.201	1557996978220	196.226	101.613	170.816	122.571	630.775	35.864	22.394	0	0	0	0	0
00:00:04.217	1557996978236	196.115	101.418	170.554	123.341	654.983	32.282	25.834	0	0	0	0	0
00:00:04.234	1557996978253	195.644	102.118	170.163	123.576	680.154	37.142	23.316	0	0	0	0	0
00:00:04.251	1557996978270	195.115	101.553	169.963	123.21	694.848	35.018	25.264	0	0	0	0	0
00:00:04.267	1557996978286	194.934	102.293	169.877	124.108	690.843	35.851	24.535	0	0	0	0	0
00:00:04.284	1557996978303	167.75	122.826	167.75	122.826	671.352	37.115	23.031	0	0	0	0	0
00:00:04.301	1557996978320	169.051	125.205	169.051	125.205	754.308	35.182	27.298	0	0	0	0	0
00:00:04.317	1557996978336	168.937	124.723	168.937	124.723	766.129	35.954	27.131	0	0	0	0	0
00:00:04.334	1557996978353	167.941	124.925	167.941	124.925	732.295	35.073	26.584	0	0	0	0	0
00:00:04.351	1557996978370	193.091	102.976	168.663	124.286	714.065	34.295	26.511	0	0	0	0	0
00:00:04.367	1557996978386	167.807	125.975	167.807	125.975	797.713	35.854	28.328	0	0	0	0	0
00:00:04.384	1557996978403	109.598	85.338	165.501	125.514	641.685	30.488	26.798	0	0	0	0	0
00:00:04.401	1557996978420	166.233	125.872	166.233	125.872	747.167	34.072	27.921	0	0	0	0	0
00:00:04.417	1557996978436	110.396	88.505	166.479	125.528	733.855	34.596	27.008	0	0	0	0	0
00:00:04.434	1557996978453	166.384	126.315	166.384	126.315	758.939	36.923	26.171	0	0	0	0	0
00:00:04.451	1557996978470	166.252	125.108	166.252	125.108	720.677	34.222	26.813	0	0	0	0	0
00:00:04.467	1557996978486	168.899	124.837	168.899	124.837	664.825	33.15	25.535	0	0	0	0	0
00:00:04.484	1557996978503	0	0	0	0	0	0	0	0	0	0	0	0
00:00:04.501	1557996978520	0	0	0	0	0	0	0	0	0	0	0	0
00:00:04.517	1557996978536	175.404	125.575	175.404	125.575	649.264	34.429	24.011	0	0	0	0	0
00:00:04.534	1557996978553	177.132	126.664	177.132	126.664	711.012	36.243	24.978	0	0	0	0	0
00:00:04.551	1557996978570	175.047	126.324	175.047	126.324	635.355	33.791	23.94	0	0	0	0	0
00:00:04.567	1557996978586	174.7	127.126	174.7	127.126	673.061	35.56	24.099	0	0	0	0	0
00:00:04.584	1557996978603	174.118	126.147	174.118	126.147	628.408	31.856	25.116	0	0	0	0	0
00:00:04.601	1557996978620	171.924	126.596	171.924	126.596	639.555	34.114	23.87	0	0	0	0	0
00:00:04.617	1557996978636	0	0	0	0	0	0	0	0	0	0	0	0
00:00:04.634	1557996978653	171.024	126.317	171.024	126.317	688.833	36.913	23.76	0	0	0	0	0
00:00:04.651	1557996978670	170.016	125.879	170.016	125.879	682.115	34.759	24.986	0	0	0	0	0
00:00:04.667	1557996978686	169.961	126.381	169.961	126.381	715.831	36.974	24.65	0	0	0	0	0
00:00:04.684	1557996978703	168.409	125.218	168.409	125.218	624.841	35.652	22.315	0	0	0	0	0
00:00:04.701	1557996978720	169.317	126.382	169.317	126.382	758.804	37.095	26.045	0	0	0	0	0
00:00:04.717	1557996978736	167.219	125.783	167.219	125.783	639.97	34.018	23.953	0	0	0	0	0
00:00:04.734	1557996978753	167.82	126.521	167.82	126.521	740.768	36.064	26.153	0	0	0	0	0
00:00:04.751	1557996978770	167.27	126.26	167.27	126.26	726.291	34.966	26.447	0	0	0	0	0
00:00:04.767	1557996978786	166.656	126.29	166.656	126.29	721.743	37.504	24.503	0	0	0	0	0
00:00:04.784	1557996978803	166.231	126.529	166.231	126.529	733.405	36.624	25.497	0	0	0	0	0
00:00:04.801	1557996978820	166.663	126.975	166.663	126.975	783.937	36.315	27.485	0	0	0	0	0
00:00:04.817	1557996978836	164.115	126.716	164.115	126.716	670.789	32.598	26.2	0	0	0	0	0
00:00:04.834	1557996978853	166.118	127.3	166.118	127.3	809.233	36.518	28.215	0	0	0	0	0
00:00:04.851	1557996978870	165.6	125.808	165.6	125.808	676.891	34.946	24.662	0	0	0	0	0
00:00:04.867	1557996978886	166.169	127.116	166.169	127.116	770.066	36.473	26.883	0	0	0	0	0
00:00:04.884	1557996978903	169.561	124.546	169.561	124.546	563.129	31.32	22.893	0	0	0	0	0
00:00:04.901	1557996978920	0	0	0	0	0	0	0	0	0	0	0	0
00:00:04.917	1557996978936	0	0	0	0	0	0	0	0	0	0	0	0
00:00:04.934	1557996978953	237.949	82.676	0	0	0	0	0	0	0	0	0	0
00:00:04.951	1557996978970	0	0	0	0	0	0	0	0	0	0	0	0
00:00:04.967	1557996978986	0	0	0	0	0	0	0	0	0	0	0	0
00:00:04.984	1557996979003	0	0	0	0	0	0	0	0	0	0	0	0
00:00:05.001	1557996979020	0	0	0	0	0	0	0	0	0	0	0	0
00:00:05.017	1557996979036	0	0	0	0	0	0	0	0	0	0	0	0
00:00:05.034	1557996979053	55.092	47.516	0	0	0	0	0	0	0	0	0	0
00:00:05.051	1557996979070	0	0	0	0	0	0	0	0	0	0	0	0
00:00:05.067	1557996979086	0	0	0	0	0	0	0	0	0	0	0	0
00:00:05.084	1557996979103	0	0	0	0	0	0	0	0	0	0	0	0
00:00:05.101	1557996979120	0	0	0	0	0	0	0	0	0	0	0	0
00:00:05.117	1557996979136	0	0	0	0	0	0	0	0	0	0	0	0
00:00:05.134	1557996979153	0	0	0	0	0	0	0	0	0	0	0	0
00:00:05.151	1557996979170	0	0	0	0	0	0	0	0	0	0	0	0
00:00:05.167	1557996979186	232.047	81.846	0	0	0	0	0	0	0	0	0	0
00:00:05.184	1557996979203	0	0	0	0	0	0	0	0	0	0	0	0
00:00:05.201	1557996979220	0	0	0	0	0	0	0	0	0	0	0	0
00:00:05.217	1557996979236	175.956	121.499	175.956	121.499	376.344	27.066	17.704	0	0	0	0	0
00:00:05.234	1557996979253	0	0	0	0	0	0	0	0	0	0	0	0
00:00:05.251	1557996979270	232.09	81.288	0	0	0	0	0	0	0	0	0	0
00:00:05.267	1557996979286	232.037	82.011	0	0	0	0	0	0	0	0	0	0
00:00:05.284	1557996979303	231.821	81.137	0	0	0	0	0	0	0	0	0	0
00:00:05.301	1557996979320	208.307	104.022	184.099	126.23	541.736	31.386	21.976	0	0	0	0	0
00:00:05.317	1557996979336	0	0	0	0	0	0	0	0	0	0	0	0
00:00:05.334	1557996979353	183.069	126.628	183.069	126.628	603.473	34.07	22.553	0	0	0	0	0
00:00:05.351	1557996979370	0	0	0	0	0	0	0	0	0	0	0	0
00:00:05.367	1557996979386	0	0	0	0	0	0	0	0	0	0	0	0
00:00:05.384	1557996979403	0	0	0	0	0	0	0	0	0	0	0	0
00:00:05.401	1557996979420	0	0	0	0	0	0	0	0	0	0	0	0
00:00:05.417	1557996979436	184.268	125.305	184.268	125.305	524.25	32.85	20.32	0	0	0	0	0
00:00:05.434	1557996979453	0	0	0	0	0	0	0	0	0	0	0	0
00:00:05.451	1557996979470	184.091	126.055	184.091	126.055	451.388	30.818	18.649	0	0	0	0	0
00:00:05.467	1557996979486	0	0	0	0	0	0	0	0	0	0	0	0
00:00:05.484	1557996979503	0	0	0	0	0	0	0	0	0	0	0	0
00:00:05.501	1557996979520	232.814	82.053	0	0	0	0	0	0	0	0	0	0
00:00:05.517	1557996979536	177.335	123.985	177.335	123.985	264.673	21.348	15.786	0	0	0	0	0
00:00:05.534	1557996979553	184.375	126.722	184.375	126.722	558.478	34.125	20.837	0	0	0	0	0
00:00:05.551	1557996979570	0	0	0	0	0	0	0	0	0	0	0	0
00:00:05.567	1557996979586	184.756	126.69	184.756	126.69	529.004	32.435	20.766	0	0	0	0	0
00:00:05.584	1557996979603	207.399	103.854	183.826	125.968	506.139	31.761	20.29	0	0	0	0	0
00:00:05.601	1557996979620	249.085	101.116	267.749	121.657	217.606	17.427	15.899	0	0	0	0	0
00:00:05.617	1557996979636	0	0	0	0	0	0	0	0	0	0	0	0
00:00:05.634	1557996979653	229.862	81.943	0	0	0	0	0	0	0	0	0	0
00:00:05.651	1557996979670	230.257	80.814	0	0	0	0	0	0	0	0	0	0
00:00:05.667	1557996979686	266.139	117.476	266.139	117.476	336.62	26.149	16.391	0	0	0	0	0
00:00:05.684	1557996979703	173.644	122.242	173.644	122.242	254.866	21.31	15.228	0	0	0	0	0
00:00:05.701	1557996979720	180.156	126.28	180.156	126.28	551.562	32.487	21.617	0	0	0	0	0
00:00:05.717	1557996979736	0	0	0	0	0	0	0	0	0	0	0	0
00:00:05.734	1557996979753	117.484	87.616	179.891	126.224	525.39	33.238	20.126	0	0	0	0	0
00:00:05.751	1557996979770	0	0	0	0	0	0	0	0	0	0	0	0
00:00:05.767	1557996979786	228.214	82.498	0	0	0	0	0	0	0	0	0	0
00:00:05.784	1557996979803	0	0	0	0	0	0	0	0	0	0	0	0
00:00:05.801	1557996979820	0	0	0	0	0	0	0	0	0	0	0	0
00:00:05.817	1557996979836	0	0	0	0	0	0	0	0	0	0	0	0
00:00:05.834	1557996979853	174.454	128.856	174.454	128.856	319.955	21.177	19.237	0	0	0	0	0
00:00:05.851	1557996979870	289.454	153.716	289.454	153.716	395.584	28.87	17.446	0	0	0	0	0
00:00:05.867	1557996979886	176.544	125.746	176.544	125.746	346.322	25.875	17.041	0	0	0	0	0
00:00:05.884	1557996979903	209.266	111.569	290.661	151.495	387.777	26.195	18.848	0	0	0	0	0
00:00:05.901	1557996979920	198.545	121.383	172.093	128.647	293.471	21.388	17.47	0	0	0	0	0
00:00:05.917	1557996979936	0	0	0	0	0	0	0	0	0	0	0	0
00:00:05.934	1557996979953	154.847	100.319	180.092	129.061	546.348	31.79	21.882	0	0	0	0	0
00:00:05.951	1557996979970	179.11	129.474	179.11	129.474	556.936	31.739	22.342	0	0	0	0	0
00:00:05.967	1557996979986	0	0	0	0	0	0	0	0	0	0	0	0
00:00:05.984	1557996980003	178.421	128.712	178.421	128.712	451.343	28.56	20.121	0	0	0	0	0
00:00:06.001	1557996980020	203.519	123.191	180.965	131.296	550.815	31.8	22.054	0	0	0	0	0
00:00:06.017	1557996980036	189.05	135.475	189.05	135.475	262.735	21.296	15.708	0	0	0	0	0
00:00:06.034	1557996980053	187.795	133.083	187.795	133.083	332.374	24.578	17.218	0	0	0	0	0
00:00:06.051	1557996980070	259.798	165.2	259.798	165.2	495.928	28.144	22.436	0	0	0	0	0
00:00:06.067	1557996980086	0	0	0	0	0	0	0	0	0	0	0	0
00:00:06.084	1557996980103	253.982	127.703	281.709	139.677	855.653	42.038	25.916	0	0	0	0	0
00:00:06.101	1557996980120	0	0	0	0	0	0	0	0	0	0	0	0
00:00:06.117	1557996980136	227.046	116.918	0	0	0	0	0	0	0	0	0	0
00:00:06.134	1557996980153	0	0	0	0	0	0	0	0	0	0	0	0
00:00:06.151	1557996980170	58.537	44.958	0	0	0	0	0	0	0	0	0	0
00:00:06.167	1557996980186	227.297	118.762	0	0	0	0	0	0	0	0	0	0
00:00:06.184	1557996980203	244.961	143.57	262.849	169.979	342.759	25.334	17.226	0	0	0	0	0
00:00:06.201	1557996980220	0	0	0	0	0	0	0	0	0	0	0	0
00:00:06.217	1557996980236	0	0	0	0	0	0	0	0	0	0	0	0
00:00:06.234	1557996980253	227.984	118.902	0	0	0	0	0	0	0	0	0	0
00:00:06.251	1557996980270	260.744	167.169	260.744	167.169	436.329	28.584	19.436	0	0	0	0	0
00:00:06.267	1557996980286	244.531	144.09	261.882	169.694	422.171	24.476	21.962	0	0	0	0	0
00:00:06.284	1557996980303	244.607	144.452	261.605	169.531	422.112	28.323	18.976	0	0	0	0	0
00:00:06.301	1557996980320	0	0	0	0	0	0	0	0	0	0	0	0
00:00:06.317	1557996980336	226.123	118.276	0	0	0	0	0	0	0	0	0	0
00:00:06.334	1557996980353	0	0	0	0	0	0	0	0	0	0	0	0
00:00:06.351	1557996980370	0	0	0	0	0	0	0	0	0	0	0	0
00:00:06.367	1557996980386	0	0	0	0	0	0	0	0	0	0	0	0
00:00:06.384	1557996980403	0	0	0	0	0	0	0	0	0	0	0	0
00:00:06.401	1557996980420	0	0	0	0	0	0	0	0	0	0	0	0
00:00:06.417	1557996980436	0	0	0	0	0	0	0	0	0	0	0	0
00:00:06.434	1557996980453	55.02	51.161	0	0	0	0	0	0	0	0	0	0
00:00:06.451	1557996980470	243.141	145.846	259.958	173.386	381.888	24.298	20.012	0	0	0	0	0
00:00:06.467	1557996980486	0	0	0	0	0	0	0	0	0	0	0	0
00:00:06.484	1557996980503	258.537	171.713	258.537	171.713	238.844	19.852	15.319	0	0	0	0	0
00:00:06.501	1557996980520	0	0	0	0	0	0	0	0	0	0	0	0
00:00:06.517	1557996980536	234.407	118.201	0	0	0	0	0	0	0	0	0	0
00:00:06.534	1557996980553	50.768	48.298	0	0	0	0	0	0	0	0	0	0
00:00:06.551	1557996980570	201.599	125.836	179.752	135.006	791.87	34.86	28.923	0	0	0	0	0
00:00:06.567	1557996980586	201.118	125.856	179.43	136.352	907.938	37.397	30.912	0	0	0	0	0
00:00:06.584	1557996980603	179.265	135.335	179.265	135.335	860.099	36.123	30.316	0	0	0	0	0
00:00:06.601	1557996980620	154.482	105.658	178.67	135.53	879.914	37.031	30.254	0	0	0	0	0
00:00:06.617	1557996980636	200.164	125.813	178.723	133.597	750.448	38.675	24.706	0	0	0	0	0
00:00:06.634	1557996980653	178.152	136.065	178.152	136.065	922.436	37.299	31.488	0	0	0	0	0
00:00:06.651	1557996980670	199.697	126.846	178.194	135.22	947.424	38.497	31.335	0	0	0	0	0
00:00:06.667	1557996980686	177.767	135.733	177.767	135.733	954.597	38.616	31.475	0	0	0	0	0
00:00:06.684	1557996980703	199.217	126.777	177.715	135.119	926.607	38.082	30.98	0	0	0	0	0
00:00:06.701	1557996980720	177.98	135.722	177.98	135.722	902.003	37.155	30.91	0	0	0	0	0
00:00:06.717	1557996980736	199.644	126.647	177.564	135.385	934.625	37.776	31.501	0	0	0	0	0
00:00:06.734	1557996980753	177.805	136.616	177.805	136.616	943.858	38.293	31.384	0	0	0	0	0
00:00:06.751	1557996980770	200.204	127.018	178.232	135.87	927.374	37.97	31.097	0	0	0	0	0
00:00:06.767	1557996980786	178.263	136.369	178.263	136.369	946.255	38.552	31.251	0	0	0	0	0
00:00:06.784	1557996980803	200.662	127.024	178.218	135.657	904.128	36.509	31.531	0	0	0	0	0
00:00:06.801	1557996980820	178.908	136.382	178.908	136.382	927.356	37.859	31.188	0	0	0	0	0
00:00:06.817	1557996980836	201.015	127.449	179.587	136.356	948.727	37.921	31.855	0	0	0	0	0
00:00:06.834	1557996980853	180.112	140.861	180.112	140.861	640.537	36.009	22.649	0	0	0	0	0
00:00:06.851	1557996980870	0	0	0	0	0	0	0	0	0	0	0	0
00:00:06.867	1557996980886	0	0	0	0	0	0	0	0	0	0	0	0
00:00:06.884	1557996980903	0	0	0	0	0	0	0	0	0	0	0	0
00:00:06.901	1557996980920	0	0	0	0	0	0	0	0	0	0	0	0
00:00:06.917	1557996980936	0	0	0	0	0	0	0	0	0	0	0	0
00:00:06.934	1557996980953	0	0	0	0	0	0	0	0	0	0	0	0
00:00:06.951	1557996980970	0	0	0	0	0	0	0	0	0	0	0	0
00:00:06.967	1557996980986	159.944	131.963	140.163	141.609	620.275	34.976	22.58	0	0	0	0	0
00:00:06.984	1557996981003	162.898	128.544	143.362	137.086	871.96	37.956	29.25	0	0	0	0	0
00:00:07.001	1557996981020	165.669	128.002	146.36	136.094	935.697	38.215	31.175	0	0	0	0	0
00:00:07.017	1557996981036	168.563	127.383	149.087	135.613	949.241	38.241	31.605	0	0	0	0	0
00:00:07.034	1557996981053	170.837	127.787	151.462	135.856	939.29	38.412	31.135	0	0	0	0	0
00:00:07.051	1557996981070	172.847	127.338	153.402	135.311	972.637	38.898	31.837	0	0	0	0	0
00:00:07.067	1557996981086	174.783	127.946	154.979	135.927	971.699	38.894	31.81	0	0	0	0	0
00:00:07.084	1557996981103	176.619	127.007	156.529	135.518	977.762	39.748	31.321	0	0	0	0	0
00:00:07.101	1557996981120	177.614	128.417	157.662	136.508	970.655	38.261	32.301	0	0	0	0	0
00:00:07.117	1557996981136	178.984	127.999	158.867	135.808	973.085	38.959	31.802	0	0	0	0	0
00:00:07.134	1557996981153	180.096	128.586	159.798	136.825	963.72	38.21	32.113	0	0	0	0	0
00:00:07.151	1557996981170	181.097	127.852	160.711	135.555	951.315	38.707	31.293	0	0	0	0	0
00:00:07.167	1557996981186	181.765	129.06	161.41	137.306	965.671	37.645	32.662	0	0	0	0	0
00:00:07.184	1557996981203	182.904	128.32	162.254	136.819	981.829	39.122	31.954	0	0	0	0	0
00:00:07.201	1557996981220	183.407	128.666	162.797	137.204	999.034	39.284	32.38	0	0	0	0	0
00:00:07.217	1557996981236	183.578	128.256	163.055	136.897	980.39	39.19	31.852	0	0	0	0	0
00:00:07.234	1557996981253	179.745	128.531	158.82	137.048	971.812	39.184	31.578	0	0	0	0	0
00:00:07.251	1557996981270	177.25	126.931	156.418	135.007	974.075	39.06	31.752	0	0	0	0	0
00:00:07.267	1557996981286	177.115	127.658	156.588	135.328	966.143	38.868	31.649	0	0	0	0	0
00:00:07.284	1557996981303	177.278	127.267	156.789	135.214	997.992	39.492	32.176	0	0	0	0	0
00:00:07.301	1557996981320	177.461	127.646	157.171	135.759	971.819	38.559	32.09	0	0	0	0	0
00:00:07.317	1557996981336	177.984	126.827	157.717	135.197	978.039	39.052	31.887	0	0	0	0	0
00:00:07.334	1557996981353	177.844	127.57	157.43	135.47	958.368	39.458	30.925	0	0	0	0	0
00:00:07.351	1557996981370	178.257	127.987	157.903	135.598	982.95	39.135	31.98	0	0	0	0	0
00:00:07.367	1557996981386	178.031	128.082	157.943	136.194	993.879	39.351	32.158	0	0	0	0	0
00:00:07.384	1557996981403	178.136	128.12	158.067	135.823	972.098	38.864	31.848	0	0	0	0	0
00:00:07.401	1557996981420	178.165	128.216	157.943	136.398	991.014	38.907	32.431	0	0	0	0	0
00:00:07.417	1557996981436	178.199	127.779	157.809	136.014	968.95	38.526	32.022	0	0	0	0	0
00:00:07.434	1557996981453	178.125	128.672	158.048	136.734	1000.561	38.885	32.762	0	0	0	0	0
00:00:07.451	1557996981470	178.422	127.953	158.146	135.788	1000.253	39.451	32.282	0	0	0	0	0
00:00:07.467	1557996981486	178.097	128.481	157.805	136.53	984.247	39.388	31.816	0	0	0	0	0
00:00:07.484	1557996981503	178.579	127.782	158.123	136.008	1018.817	39.64	32.724	0	0	0	0	0
00:00:07.501	1557996981520	178.641	128.244	158.374	136.147	981.459	38.571	32.399	0	0	0	0	0
00:00:07.517	1557996981536	178.795	127.445	158.44	135.718	1001.46	39.166	32.557	0	0	0	0	0
00:00:07.534	1557996981553	178.689	127.982	158.228	136.192	1017.975	40.001	32.402	0	0	0	0	0
00:00:07.551	1557996981570	178.898	127.347	158.673	135.456	1040.461	40.863	32.42	0	0	0	0	0
00:00:07.567	1557996981586	179.192	127.728	159.268	135.783	1002.7	39.269	32.511	0	0	0	0	0
00:00:07.584	1557996981603	180.551	126.604	160.021	134.192	1004.516	40.077	31.913	0	0	0	0	0
00:00:07.601	1557996981620	161.537	133.789	161.537	133.789	1016.365	40.277	32.129	0	0	0	0	0
00:00:07.617	1557996981636	161.22	133.017	161.22	133.017	1036.952	39.739	33.224	0	0	0	0	0
00:00:07.634	1557996981653	161.626	133.708	161.626	133.708	1028.084	39.708	32.965	0	0	0	0	0
00:00:07.651	1557996981670	161.793	133.53	161.793	133.53	1044.221	40.031	33.213	0	0	0	0	0
00:00:07.667	1557996981686	161.623	133.96	161.623	133.96	1025	39.868	32.735	0	0	0	0	0
00:00:07.684	1557996981703	161.923	132.975	161.923	132.975	1039.73	40.806	32.442	0	0	0	0	0
00:00:07.701	1557996981720	161.801	134.497	161.801	134.497	1074.968	40.717	33.615	0	0	0	0	0
00:00:07.717	1557996981736	161.707	133.643	161.707	133.643	1051.571	40.776	32.836	0	0	0	0	0
00:00:07.734	1557996981753	181.735	126.4	161.735	134.307	1059.319	40.544	33.267	0	0	0	0	0
00:00:07.751	1557996981770	181.689	126.671	161.502	134.003	1062.676	40.416	33.478	0	0	0	0	0
00:00:07.767	1557996981786	181.577	126.687	161.64	134.541	1068.219	40.372	33.69	0	0	0	0	0
00:00:07.784	1557996981803	181.514	126.819	161.199	134.072	1053.572	40.714	32.948	0	0	0	0	0
00:00:07.801	1557996981820	181.624	126.853	161.492	134.609	1063.729	40.65	33.318	0	0	0	0	0
00:00:07.817	1557996981836	181.092	126.82	160.922	134.273	1072.61	41.107	33.223	0	0	0	0	0
00:00:07.834	1557996981853	180.86	127.007	160.741	135.198	1064.082	40.831	33.181	0	0	0	0	0
00:00:07.851	1557996981870	180.245	127.104	160.544	134.644	1093.331	41.53	33.52	0	0	0	0	0
00:00:07.867	1557996981886	179.296	127.205	159.563	135.583	1075.59	40.841	33.532	0	0	0	0	0
00:00:07.884	1557996981903	178.602	127.852	158.241	135.508	1078.652	40.783	33.675	0	0	0	0	0
00:00:07.901	1557996981920	178.506	127.486	158.516	135.676	1060.608	40.613	33.251	0	0	0	0	0
00:00:07.917	1557996981936	178.406	127.85	158.167	135.363	1091.792	41.359	33.611	0	0	0	0	0
00:00:07.934	1557996981953	178.431	127.717	158.253	135.505	1073.951	41.178	33.207	0	0	0	0	0
00:00:07.951	1557996981970	177.775	127.715	158.066	135.409	1073.51	40.586	33.677	0	0	0	0	0
00:00:07.967	1557996981986	178.032	127.746	158.214	135.802	1074.199	40.803	33.52	0	0	0	0	0
00:00:07.984	1557996982003	157.933	134.99	157.933	134.99	1077.127	40.896	33.535	0	0	0	0	0
00:00:08.001	1557996982020	177.951	127.451	158.195	135.549	1071.13	40.962	33.295	0	0	0	0	0
00:00:08.017	1557996982036	178.199	127.851	157.844	134.982	1069.509	41.201	33.051	0	0	0	0	0
00:00:08.034	1557996982053	177.913	127.877	158.178	135.86	1086.556	41.471	33.359	0	0	0	0	0
00:00:08.051	1557996982070	177.501	127.583	158.272	135.337	1101.467	41.055	34.16	0	0	0	0	0
00:00:08.067	1557996982086	177.286	126.894	158.289	135.947	1062.026	40.534	33.36	0	0	0	0	0
00:00:08.084	1557996982103	0	0	0	0	0	0	0	0	0	0	0	0
00:00:08.101	1557996982120	0	0	0	0	0	0	0	0	0	0	0	0
00:00:08.117	1557996982136	0	0	0	0	0	0	0	0	0	0	0	0
00:00:08.134	1557996982153	0	0	0	0	0	0	0	0	0	0	0	0
00:00:08.151	1557996982170	0	0	0	0	0	0	0	0	0	0	0	0
00:00:08.167	1557996982186	0	0	0	0	0	0	0	0	0	0	0	0
00:00:08.184	1557996982203	175.77	99.461	152.071	121.49	955.46	40.762	29.845	0	0	0	0	0
00:00:08.201	1557996982220	152.854	122.897	152.854	122.897	956.846	40.641	29.977	0	0	0	0	0
00:00:08.217	1557996982236	153.359	123.115	153.359	123.115	999.381	41.137	30.932	0	0	0	0	0
00:00:08.234	1557996982253	154.11	124.567	154.11	124.567	1002.753	40.616	31.435	0	0	0	0	0
00:00:08.251	1557996982270	154.427	124.966	154.427	124.966	1000.532	40.589	31.385	0	0	0	0	0
00:00:08.267	1557996982286	155.36	126.077	155.36	126.077	1017.211	40.936	31.638	0	0	0	0	0
00:00:08.284	1557996982303	155.951	125.965	155.951	125.965	1017.128	40.828	31.719	0	0	0	0	0
00:00:08.301	1557996982320	156.829	127.118	156.829	127.118	1032.876	41.199	31.921	0	0	0	0	0
00:00:08.317	1557996982336	106.499	86.84	157.094	127.59	1047.387	41.45	32.173	0	0	0	0	0
00:00:08.334	1557996982353	157.71	128.719	157.71	128.719	1065.752	41.348	32.818	0	0	0	0	0
00:00:08.351	1557996982370	158.452	128.791	158.452	128.791	1071.574	41.906	32.558	0	0	0	0	0
00:00:08.367	1557996982386	157.817	130.168	157.817	130.168	1071.09	41.194	33.106	0	0	0	0	0
00:00:08.384	1557996982403	153.936	129.426	153.936	129.426	1073.056	41.538	32.892	0	0	0	0	0
00:00:08.401	1557996982420	153.317	130.681	153.317	130.681	1073.256	41.261	33.119	0	0	0	0	0
00:00:08.417	1557996982436	153.701	130.325	153.701	130.325	1103.016	42.16	33.311	0	0	0	0	0
00:00:08.434	1557996982453	154.36	131.576	154.36	131.576	1094.247	41.66	33.443	0	0	0	0	0
00:00:08.451	1557996982470	154.57	131.186	154.57	131.186	1109.503	42.527	33.218	0	0	0	0	0
00:00:08.467	1557996982486	106.191	91.454	154.831	132.431	1092.223	41.552	33.468	0	0	0	0	0
00:00:08.484	1557996982503	155.122	132.291	155.122	132.291	1108.96	42.032	33.593	0	0	0	0	0
00:00:08.501	1557996982520	155.243	132.556	155.243	132.556	1072.253	42.133	32.403	0	0	0	0	0
00:00:08.517	1557996982536	155.407	132.666	155.407	132.666	1081.32	41.273	33.358	0	0	0	0	0
00:00:08.534	1557996982553	0	0	0	0	0	0	0	0	0	0	0	0
00:00:08.551	1557996982570	0	0	0	0	0	0	0	0	0	0	0	0
00:00:08.567	1557996982586	0	0	0	0	0	0	0	0	0	0	0	0
00:00:08.584	1557996982603	0	0	0	0	0	0	0	0	0	0	0	0
00:00:08.601	1557996982620	0	0	0	0	0	0	0	0	0	0	0	0
00:00:08.617	1557996982636	0	0	0	0	0	0	0	0	0	0	0	0
00:00:08.634	1557996982653	0	0	0	0	0	0	0	0	0	0	0	0
00:00:08.651	1557996982670	0	0	0	0	0	0	0	0	0	0	0	0
00:00:08.667	1557996982686	0	0	0	0	0	0	0	0	0	0	0	0
00:00:08.684	1557996982703	190.404	120.094	0	0	0	0	0	0	0	0	0	0
00:00:08.701	1557996982720	172.664	128.947	154.324	138.206	864.476	41.186	26.725	0	0	0	0	0
00:00:08.717	1557996982736	172.85	128.353	154.817	136.563	1005.079	41.11	31.129	0	0	0	0	0
00:00:08.734	1557996982753	172.858	128.915	155.055	137.038	1028.075	40.29	32.489	0	0	0	0	0
00:00:08.751	1557996982770	173.041	128.213	155.021	136.043	1039.81	41.942	31.566	0	0	0	0	0
00:00:08.767	1557996982786	173.464	129.023	155.54	137.372	1057.59	40.464	33.278	0	0	0	0	0
00:00:08.784	1557996982803	173.636	128.535	155.37	136.614	1067.15	40.824	33.283	0	0	0	0	0
00:00:08.801	1557996982820	173.565	128.795	155.441	136.82	1028.748	40.541	32.309	0	0	0	0	0
00:00:08.817	1557996982836	173.561	128.472	155.23	136.517	1052.042	41.273	32.455	0	0	0	0	0
00:00:08.834	1557996982853	173.38	128.775	154.915	137.148	1051.888	41.254	32.465	0	0	0	0	0
00:00:08.851	1557996982870	173.65	128.598	155.328	136.643	1059.617	40.998	32.908	0	0	0	0	0
00:00:08.867	1557996982886	173.386	129.033	155.172	136.967	1051.255	40.43	33.107	0	0	0	0	0
00:00:08.884	1557996982903	173.479	128.259	155.008	136.273	1083.763	40.85	33.78	0	0	0	0	0
00:00:08.901	1557996982920	173.565	128.701	154.973	136.586	1046.589	41.347	32.229	0	0	0	0	0
00:00:08.917	1557996982936	173.388	128.125	154.962	136.292	1069.784	41.429	32.878	0	0	0	0	0
00:00:08.934	1557996982953	173.498	128.748	154.978	136.562	1042.461	40.641	32.659	0	0	0	0	0
00:00:08.951	1557996982970	173.642	127.744	154.924	135.749	1063.029	41.385	32.705	0	0	0	0	0
00:00:08.967	1557996982986	173.412	128.746	155.072	136.234	1057.257	41.609	32.352	0	0	0	0	0
00:00:08.984	1557996983003	173.424	127.986	155.334	136.244	1109.387	40.96	34.485	0	0	0	0	0
00:00:09.001	1557996983020	173.593	128.495	154.956	136.254	1085.999	41.731	33.135	0	0	0	0	0
00:00:09.017	1557996983036	173.7	127.734	155.231	135.624	1102.309	42.737	32.841	0	0	0	0	0
00:00:09.034	1557996983053	172.816	128.615	154.051	136.458	1075.013	41.645	32.867	0	0	0	0	0
00:00:09.051	1557996983070	173.252	127.942	154.586	135.787	1103.891	42.412	33.139	0	0	0	0	0
00:00:09.067	1557996983086	173.279	128.288	154.413	136.463	1076.176	41.792	32.787	0	0	0	0	0
00:00:09.084	1557996983103	173.147	128.345	154.316	136.179	1092.266	41.535	33.483	0	0	0	0	0
00:00:09.101	1557996983120	173.027	128.443	154.502	136.2	1085.762	41.683	33.165	0	0	0	0	0
00:00:09.117	1557996983136	172.981	127.734	154.45	135.409	1086.758	42.397	32.637	0	0	0	0	0
00:00:09.134	1557996983153	173.27	128.447	154.649	136.507	1098.772	41.343	33.839	0	0	0	0	0
00:00:09.151	1557996983170	173.099	127.678	154.897	135.454	1090.685	42.049	33.026	0	0	0	0	0
00:00:09.167	1557996983186	173.592	127.857	154.79	136.263	1098.729	41.296	33.876	0	0	0	0	0
00:00:09.184	1557996983203	173.433	127.404	155.4	135.3	1069.294	41.195	33.049	0	0	0	0	0
00:00:09.201	1557996983220	190.107	122.635	0	0	0	0	0	0	0	0	0	0
00:00:09.217	1557996983236	0	0	0	0	0	0	0	0	0	0	0	0
00:00:09.234	1557996983253	0	0	0	0	0	0	0	0	0	0	0	0
00:00:09.251	1557996983270	0	0	0	0	0	0	0	0	0	0	0	0
00:00:09.267	1557996983286	0	0	0	0	0	0	0	0	0	0	0	0
00:00:09.284	1557996983303	0	0	0	0	0	0	0	0	0	0	0	0
00:00:09.301	1557996983320	0	0	0	0	0	0	0	0	0	0	0	0
00:00:09.317	1557996983336	0	0	0	0	0	0	0	0	0	0	0	0
00:00:09.334	1557996983353	192.423	119.542	0	0	0	0	0	0	0	0	0	0
00:00:09.351	1557996983370	174.959	126.733	156.877	134.224	1003.766	41.084	31.108	0	0	0	0	0
00:00:09.367	1557996983386	174.828	126.966	156.636	134.631	1042.553	41.308	32.135	0	0	0	0	0
00:00:09.384	1557996983403	174.904	126.404	156.501	134.106	1080.123	40.789	33.716	0	0	0	0	0
00:00:09.401	1557996983420	174.927	126.907	156.595	134.312	1083.785	41.827	32.991	0	0	0	0	0
00:00:09.417	1557996983436	175.005	126.776	156.768	133.882	1110.888	41.878	33.775	0	0	0	0	0
00:00:09.434	1557996983453	156.687	134.503	156.687	134.503	1106.649	42.402	33.23	0	0	0	0	0
00:00:09.451	1557996983470	156.651	134.004	156.651	134.004	1122.182	41.958	34.053	0	0	0	0	0
00:00:09.467	1557996983486	174.567	127.042	156.135	134.365	1087.217	41.176	33.619	0	0	0	0	0
00:00:09.484	1557996983503	174.581	126.461	156.297	133.901	1112.776	41.817	33.881	0	0	0	0	0
00:00:09.501	1557996983520	155.973	134.785	155.973	134.785	1121.508	41.496	34.412	0	0	0	0	0
00:00:09.517	1557996983536	174.493	126.453	155.747	133.965	1105.795	41.705	33.759	0	0	0	0	0
00:00:09.534	1557996983553	155.499	134.367	155.499	134.367	1076.786	40.897	33.523	0	0	0	0	0
00:00:09.551	1557996983570	173.9	126.283	155.717	133.497	1089.186	42.282	32.799	0	0	0	0	0
00:00:09.567	1557996983586	155.563	134.339	155.563	134.339	1107.798	42.198	33.426	0	0	0	0	0
00:00:09.584	1557996983603	174.116	126.699	155.672	133.911	1118.139	41.715	34.128	0	0	0	0	0
00:00:09.601	1557996983620	173.999	126.53	155.415	134.289	1093.652	41.39	33.643	0	0	0	0	0
00:00:09.617	1557996983636	173.908	126.661	155.491	134.015	1117.503	41.98	33.894	0	0	0	0	0
00:00:09.634	1557996983653	155.352	134.436	155.352	134.436	1115.009	42.072	33.744	0	0	0	0	0
00:00:09.651	1557996983670	155.391	134.102	155.391	134.102	1124.537	42.469	33.714	0	0	0	0	0
00:00:09.667	1557996983686	173.969	126.537	155.298	134.095	1080.56	42.198	32.603	0	0	0	0	0
00:00:09.684	1557996983703	155.382	133.954	155.382	133.954	1125.272	42.416	33.779	0	0	0	0	0
00:00:09.701	1557996983720	173.594	126.737	155.051	134.299	1111.516	42.441	33.346	0	0	0	0	0
00:00:09.717	1557996983736	155.384	134.467	155.384	134.467	1139.569	41.67	34.82	0	0	0	0	0
00:00:09.734	1557996983753	155.459	134.227	155.459	134.227	1099.635	41.538	33.706	0	0	0	0	0
00:00:09.751	1557996983770	155.46	133.986	155.46	133.986	1112.827	41.803	33.895	0	0	0	0	0
00:00:09.767	1557996983786	173.886	126.537	155.485	134.48	1105.831	41.406	34.005	0	0	0	0	0
00:00:09.784	1557996983803	155.561	133.934	155.561	133.934	1102.116	41.64	33.7	0	0	0	0	0
00:00:09.801	1557996983820	174.166	126.258	155.462	134.614	1102.544	41.807	33.578	0	0	0	0	0
00:00:09.817	1557996983836	155.543	133.824	155.543	133.824	1078.669	41.347	33.217	0	0	0	0	0
00:00:09.834	1557996983853	174.245	126.859	155.72	134.566	1107.597	41.596	33.903	0	0	0	0	0
00:00:09.851	1557996983870	174.494	126.718	156.011	133.86	1093.237	41.32	33.688	0	0	0	0	0
00:00:09.867	1557996983886	174.304	126.783	155.906	134.582	1118.046	42.163	33.763	0	0	0	0	0
00:00:09.884	1557996983903	174.423	126.611	155.505	133.81	1076.988	41.005	33.441	0	0	0	0	0
00:00:09.901	1557996983920	155.822	134.33	155.822	134.33	1084.954	41.475	33.307	0	0	0	0	0
00:00:09.917	1557996983936	155.763	133.738	155.763	133.738	1081.581	41.005	33.584	0	0	0	0	0
00:00:09.934	1557996983953	155.971	134.115	155.971	134.115	1076.898	41.314	33.188	0	0	0	0	0
00:00:09.951	1557996983970	156.031	133.712	156.031	133.712	1091.093	41.275	33.658	0	0	0	0	0
00:00:09.967	1557996983986	172.445	126.502	155.772	134.105	1078.139	41.011	33.472	0	0	0	0	0
00:00:09.984	1557996984003	167.188	127.548	151.462	134.256	1074.707	41.57	32.917	0	0	0	0	0
00:00:10.001	1557996984020	161.516	128.613	144.34	136.161	1049.307	41.244	32.393	0	0	0	0	0
00:00:10.017	1557996984036	159.512	129.148	140.985	136.566	1080.392	41.874	32.851	0	0	0	0	0
00:00:10.034	1557996984053	160.131	128.631	141.207	137.032	1097.297	41.434	33.719	0	0	0	0	0
00:00:10.051	1557996984070	160.491	128.754	141.661	136.3	1097.445	42.05	33.229	0	0	0	0	0
00:00:10.067	1557996984086	160.904	128.403	142.269	136.81	1106.76	41.588	33.884	0	0	0	0	0
00:00:10.084	1557996984103	161.309	128.727	142.817	136.084	1098.954	41.856	33.43	0	0	0	0	0
00:00:10.101	1557996984120	162.328	128.274	143.669	136.406	1114.641	41.931	33.846	0	0	0	0	0
00:00:10.117	1557996984136	162.636	128.181	143.937	135.676	1112.44	42.242	33.531	0	0	0	0	0
00:00:10.134	1557996984153	163.575	127.795	144.891	136.061	1110.079	41.847	33.775	0	0	0	0	0
00:00:10.151	1557996984170	163.741	127.682	145.053	135.262	1089.126	41.768	33.201	0	0	0	0	0
00:00:10.167	1557996984186	164.562	127.379	145.622	135.8	1121.912	41.935	34.064	0	0	0	0	0
00:00:10.184	1557996984203	164.59	127.419	146.009	135.11	1111.334	42.2	33.531	0	0	0	0	0
00:00:10.201	1557996984220	164.662	127.677	145.819	135.477	1101.162	42.697	32.837	0	0	0	0	0
00:00:10.217	1557996984236	164.863	127.277	146.504	134.565	1090.255	42.04	33.02	0	0	0	0	0
00:00:10.234	1557996984253	165.274	127.28	146.586	135.302	1124.438	42.618	33.593	0	0	0	0	0
00:00:10.251	1557996984270	165.217	127.538	146.774	135.044	1127.522	41.465	34.622	0	0	0	0	0
00:00:10.267	1557996984286	165.058	127.705	146.693	135.38	1126.501	42.179	34.005	0	0	0	0	0
00:00:10.284	1557996984303	165.307	127.148	146.867	134.669	1115.249	41.925	33.87	0	0	0	0	0
00:00:10.301	1557996984320	165.141	126.997	146.602	134.816	1084.932	42.297	32.659	0	0	0	0	0
00:00:10.317	1557996984336	165.545	126.886	146.86	134.343	1122.217	42.559	33.573	0	0	0	0	0
00:00:10.334	1557996984353	165.479	127.244	146.849	134.76	1126.242	42.596	33.664	0	0	0	0	0
00:00:10.351	1557996984370	165.255	126.707	146.713	134.156	1090.602	41.701	33.299	0	0	0	0	0
00:00:10.367	1557996984386	165.134	127.081	146.957	134.746	1118.343	42.268	33.688	0	0	0	0	0
00:00:10.384	1557996984403	164.315	127.346	146.158	134.418	1105.026	42.623	33.01	0	0	0	0	0
00:00:10.401	1557996984420	163.132	128.615	144.524	136.632	1148.805	42.07	34.768	0	0	0	0	0
00:00:10.417	1557996984436	163.52	128.562	144.579	136.138	1142.372	42.419	34.289	0	0	0	0	0
00:00:10.434	1557996984453	163.169	128.337	144.586	136.486	1139.105	42.317	34.273	0	0	0	0	0
00:00:10.451	1557996984470	163.531	128.253	144.749	135.88	1129.19	42.128	34.128	0	0	0	0	0
00:00:10.467	1557996984486	163.415	128.296	144.914	136.507	1154.057	42.345	34.701	0	0	0	0	0
00:00:10.484	1557996984503	162.972	128.075	144.519	135.569	1110.928	42.577	33.222	0	0	0	0	0
00:00:10.501	1557996984520	162.895	128.578	144.62	136.29	1140.256	42.601	34.079	0	0	0	0	0
00:00:10.517	1557996984536	163.178	128.122	144.432	135.398	1113.927	42.377	33.469	0	0	0	0	0
00:00:10.534	1557996984553	162.72	127.94	144.332	135.997	1152.622	43.83	33.483	0	0	0	0	0
00:00:10.551	1557996984570	162.828	128.331	144.249	135.479	1133.278	42.947	33.598	0	0	0	0	0
00:00:10.567	1557996984586	162.85	128.017	144.157	136.36	1148.113	42.738	34.204	0	0	0	0	0
00:00:10.584	1557996984603	162.977	128.303	144.258	135.338	1116.221	42.113	33.748	0	0	0	0	0
00:00:10.601	1557996984620	162.592	128.623	144.18	136.211	1152.227	43.206	33.955	0	0	0	0	0
00:00:10.617	1557996984636	162.856	128.02	144.227	135.346	1120.987	42.596	33.508	0	0	0	0	0
00:00:10.634	1557996984653	162.943	128.238	144.301	136.129	1148.743	42.722	34.236	0	0	0	0	0
00:00:10.651	1557996984670	162.931	128.249	144.428	135.604	1142.839	42.373	34.341	0	0	0	0	0
00:00:10.667	1557996984686	162.563	128.122	144.242	136.144	1158.859	43.779	33.703	0	0	0	0	0
00:00:10.684	1557996984703	162.99	128.161	144.443	135.397	1148.583	42.942	34.056	0	0	0	0	0
00:00:10.701	1557996984720	163.061	128.111	144.552	136.111	1166.054	42.912	34.598	0	0	0	0	0
00:00:10.717	1557996984736	163.031	128.321	144.458	135.375	1156.238	42.981	34.252	0	0	0	0	0
00:00:10.734	1557996984753	162.9	127.541	144.323	135.718	1160.626	43.557	33.927	0	0	0	0	0
00:00:10.751	1557996984770	163.023	127.743	144.492	135.083	1150.174	43.092	33.984	0	0	0	0	0
00:00:10.767	1557996984786	162.548	128.287	144.371	136.038	1161.624	43.14	34.284	0	0	0	0	0
00:00:10.784	1557996984803	161.643	128.293	144.073	135.454	1154.555	43.113	34.097	0	0	0	0	0
00:00:10.801	1557996984820	160.794	127.707	142.294	135.562	1140.333	42.22	34.389	0	0	0	0	0
00:00:10.817	1557996984836	160.85	127.587	142.346	134.59	1154.776	43.33	33.933	0	0	0	0	0
00:00:10.834	1557996984853	160.43	127.452	142.273	135.238	1147.911	42.884	34.082	0	0	0	0	0
00:00:10.851	1557996984870	160.605	127.551	142.264	134.641	1161.909	42.754	34.602	0	0	0	0	0
00:00:10.867	1557996984886	160.725	127.455	142.336	135.282	1149.83	42.887	34.136	0	0	0	0	0
00:00:10.884	1557996984903	160.695	127.532	142.426	134.645	1144.541	42.629	34.185	0	0	0	0	0
00:00:10.901	1557996984920	160.73	127.57	142.286	135.243	1145.404	42.682	34.168	0	0	0	0	0
00:00:10.917	1557996984936	159.859	127.674	142.295	134.624	1142.21	42.392	34.306	0	0	0	0	0
00:00:10.934	1557996984953	159.907	128.25	142.723	135.237	1142.833	42.344	34.364	0	0	0	0	0
00:00:10.951	1557996984970	0	0	0	0	0	0	0	0	0	0	0	0
00:00:10.967	1557996984986	331.899	51.391	331.899	51.391	4634.311	92.236	63.973	0	0	0	0	0
00:00:10.984	1557996985003	331.112	49.907	331.112	49.907	4906.243	97.857	63.836	0	0	0	0	0
00:00:11.001	1557996985020	331.778	51.168	331.778	51.168	4872.846	96.655	64.19	0	0	0	0	0
00:00:11.017	1557996985036	0	0	0	0	0	0	0	0	0	0	0	0
00:00:11.034	1557996985053	256.128	85.779	331.264	50.732	4955.458	98.824	63.845	0	0	0	0	0
00:00:11.051	1557996985070	162.141	130.229	143.58	139.86	793.442	39.259	25.733	0	0	0	0	0
00:00:11.067	1557996985086	162.654	129.117	144.978	138.011	975.444	42.146	29.468	0	0	0	0	0
00:00:11.084	1557996985103	163.455	128.511	145.551	136.211	1115.693	41.695	34.07	0	0	0	0	0
00:00:11.101	1557996985120	163.334	128.162	145.739	135.458	1133.876	42.205	34.207	0	0	0	0	0
00:00:11.117	1557996985136	163.403	128.245	145.814	135.354	1143.926	42.365	34.38	0	0	0	0	0
00:00:11.134	1557996985153	163.618	127.776	145.829	135.594	1124.105	42.068	34.022	0	0	0	0	0
00:00:11.151	1557996985170	163.51	127.989	145.668	135.251	1140.681	42.613	34.083	0	0	0	0	0
00:00:11.167	1557996985186	163.629	127.638	145.929	135.36	1148.943	42.728	34.237	0	0	0	0	0
00:00:11.184	1557996985203	163.609	127.586	145.815	134.818	1140.023	42.86	33.867	0	0	0	0	0
00:00:11.201	1557996985220	163.476	127.707	145.994	134.994	1140.916	42.514	34.169	0	0	0	0	0
00:00:11.217	1557996985236	163.681	127.556	145.795	134.595	1155.247	42.557	34.564	0	0	0	0	0
00:00:11.234	1557996985253	164.034	127.567	145.632	135.138	1136.199	42.528	34.017	0	0	0	0	0
00:00:11.251	1557996985270	166.557	129.654	146.537	135.644	1156.838	43.275	34.036	0	0	0	0	0
00:00:11.267	1557996985286	167.038	130.543	147.798	138.676	1193.964	43.174	35.211	0	0	0	0	0
00:00:11.284	1557996985303	167.297	130.977	148.394	138.656	1199.597	43.635	35.003	0	0	0	0	0
00:00:11.301	1557996985320	167.158	130.762	148.233	139.304	1216.605	43.942	35.252	0	0	0	0	0
00:00:11.317	1557996985336	167.26	130.919	148.412	138.63	1202.566	43.516	35.186	0	0	0	0	0
00:00:11.334	1557996985353	167.044	130.605	148.411	139.115	1205.513	43.34	35.416	0	0	0	0	0
00:00:11.351	1557996985370	166.953	130.844	148.34	138.468	1178.274	43.481	34.503	0	0	0	0	0
00:00:11.367	1557996985386	166.774	130.783	148.423	138.913	1207.747	43.704	35.185	0	0	0	0	0
00:00:11.384	1557996985403	167.056	130.48	148.473	138.175	1209.107	44.206	34.825	0	0	0	0	0
00:00:11.401	1557996985420	166.963	130.978	148.725	139.414	1238.699	43.564	36.203	0	0	0	0	0
00:00:11.417	1557996985436	167.086	130.75	148.65	138.63	1224.555	43.169	36.118	0	0	0	0	0
00:00:11.434	1557996985453	167.027	130.639	148.69	138.977	1220.869	43.776	35.51	0	0	0	0	0
00:00:11.451	1557996985470	167.065	130.647	148.629	138.476	1224.498	43.539	35.809	0	0	0	0	0
00:00:11.467	1557996985486	166.938	130.382	148.644	139.078	1220.163	43.296	35.882	0	0	0	0	0
00:00:11.484	1557996985503	167.315	130.853	148.663	138.567	1203.517	42.776	35.823	0	0	0	0	0
00:00:11.501	1557996985520	167.137	130.441	148.746	138.887	1208.467	43.65	35.25	0	0	0	0	0
00:00:11.517	1557996985536	167.332	130.506	148.693	138.177	1190.356	43.241	35.05	0	0	0	0	0
00:00:11.534	1557996985553	167.192	130.918	148.591	138.805	1226.361	44.044	35.452	0	0	0	0	0
00:00:11.551	1557996985570	167.288	130.584	148.73	138.188	1199.154	43.67	34.962	0	0	0	0	0
00:00:11.567	1557996985586	167.28	130.706	148.687	139.267	1219.997	43.192	35.963	0	0	0	0	0
00:00:11.584	1557996985603	166.957	130.525	148.48	138.104	1183.337	43.291	34.803	0	0	0	0	0
00:00:11.601	1557996985620	167.512	130.592	148.922	139.091	1220.046	42.767	36.322	0	0	0	0	0
00:00:11.617	1557996985636	167.308	130.354	148.814	138.152	1218.462	43.976	35.278	0	0	0	0	0
00:00:11.634	1557996985653	167.178	130.622	148.783	138.657	1197.713	43.483	35.071	0	0	0	0	0
00:00:11.651	1557996985670	167.191	131.025	148.592	138.58	1219.058	43.179	35.947	0	0	0	0	0
00:00:11.667	1557996985686	167.037	130.639	148.757	138.862	1212.297	43.462	35.515	0	0	0	0	0
00:00:11.684	1557996985703	167.301	130.478	148.491	137.798	1173.657	43.301	34.511	0	0	0	0	0
00:00:11.701	1557996985720	167.204	130.144	148.726	138.557	1199.051	43.957	34.731	0	0	0	0	0
00:00:11.717	1557996985736	166.69	130.161	148.416	137.842	1174.716	43.293	34.548	0	0	0	0	0
00:00:11.734	1557996985753	166.458	130.116	148.308	138.743	1216.572	43.424	35.671	0	0	0	0	0
00:00:11.751	1557996985770	165.2	128.463	147.213	136.718	1165.602	43.771	33.906	0	0	0	0	0
00:00:11.767	1557996985786	164.265	127.243	145.552	135.415	1149.518	42.404	34.516	0	0	0	0	0
00:00:11.784	1557996985803	164.188	126.426	145.632	132.982	1142.017	42.633	34.106	0	0	0	0	0
00:00:11.801	1557996985820	163.971	126.284	145.583	133.809	1162.483	42.512	34.817	0	0	0	0	0
00:00:11.817	1557996985836	163.981	126.845	145.607	133.31	1174.839	43.269	34.571	0	0	0	0	0
00:00:11.834	1557996985853	163.55	126.533	145.61	133.78	1157.673	42.854	34.396	0	0	0	0	0
00:00:11.851	1557996985870	163.605	126.346	145.515	133.372	1166.156	42.549	34.896	0	0	0	0	0
00:00:11.867	1557996985886	163.382	126.638	145.346	134.017	1154.045	42.783	34.345	0	0	0	0	0
00:00:11.884	1557996985903	163.434	126.617	145.347	133.422	1168.096	42.862	34.699	0	0	0	0	0
00:00:11.901	1557996985920	162.894	126.712	145.097	134.174	1179.975	43.039	34.908	0	0	0	0	0
00:00:11.917	1557996985936	162.913	126.7	145.086	133.588	1155.947	43.126	34.128	0	0	0	0	0
00:00:11.934	1557996985953	163.016	126.628	145.166	134.144	1163.737	42.783	34.633	0	0	0	0	0
00:00:11.951	1557996985970	163.19	126.468	144.919	133.575	1153.4	42.891	34.24	0	0	0	0	0
00:00:11.967	1557996985986	162.761	127.155	144.778	134.142	1162.358	43.352	34.138	0	0	0	0	0
00:00:11.984	1557996986003	163.254	126.518	145.131	133.618	1157.957	42.667	34.555	0	0	0	0	0
00:00:12.001	1557996986020	162.897	126.774	145.202	133.977	1170.314	43.072	34.595	0	0	0	0	0
00:00:12.017	1557996986036	163.024	126.521	145.031	133.436	1171.096	43.365	34.385	0	0	0	0	0
00:00:12.034	1557996986053	163.015	127.12	145.033	133.999	1143.923	42.762	34.06	0	0	0	0	0
00:00:12.051	1557996986070	163.382	126.562	145.106	133.48	1146.473	42.829	34.083	0	0	0	0	0
00:00:12.067	1557996986086	163.089	126.746	145.157	133.898	1154.462	42.812	34.334	0	0	0	0	0
00:00:12.084	1557996986103	162.954	126.645	144.989	133.011	1121.217	42.794	33.36	0	0	0	0	0
00:00:12.101	1557996986120	162.57	126.562	144.986	134.134	1171.955	42.823	34.845	0	0	0	0	0
00:00:12.117	1557996986136	162.329	126.5	144.686	133.36	1128.774	42.43	33.873	0	0	0	0	0
00:00:12.134	1557996986153	162.239	126.333	144.087	133.738	1133.684	42.484	33.977	0	0	0	0	0
00:00:12.151	1557996986170	162.262	126.27	144.182	132.98	1141.133	42.711	34.018	0	0	0	0	0
00:00:12.167	1557996986186	161.962	126.432	144.228	133.785	1157.649	42.318	34.831	0	0	0	0	0
00:00:12.184	1557996986203	162.036	126.575	144.231	133.035	1141.309	43.005	33.79	0	0	0	0	0
00:00:12.201	1557996986220	161.817	126.343	144.225	133.749	1157.404	42.971	34.294	0	0	0	0	0
00:00:12.217	1557996986236	162.327	126.281	144.211	133.241	1134.475	42.535	33.959	0	0	0	0	0
00:00:12.234	1557996986253	162.657	126.216	144.286	133.791	1162.691	43.106	34.343	0	0	0	0	0
00:00:12.251	1557996986270	162.055	126.36	144.265	133.114	1152.708	42.629	34.429	0	0	0	0	0
00:00:12.267	1557996986286	161.928	126.424	144.131	133.84	1167.517	42.89	34.659	0	0	0	0	0
00:00:12.284	1557996986303	162.096	126.473	144.337	133.197	1139.813	42.502	34.146	0	0	0	0	0
00:00:12.301	1557996986320	161.792	126.226	144.171	133.877	1158.894	42.755	34.512	0	0	0	0	0
00:00:12.317	1557996986336	144.487	133.181	144.487	133.181	1141.117	43.117	33.697	0	0	0	0	0
00:00:12.334	1557996986353	162.019	126.547	144.252	133.621	1148.276	42.996	34.004	0	0	0	0	0
00:00:12.351	1557996986370	144.524	132.818	144.524	132.818	1148.487	42.915	34.074	0	0	0	0	0
00:00:12.367	1557996986386	146.465	133.466	146.465	133.466	1101.347	41.514	33.779	0	0	0	0	0
00:00:12.384	1557996986403	154.368	131.721	154.368	131.721	1045.623	39.867	33.394	0	0	0	0	0
00:00:12.401	1557996986420	163.682	131.852	163.682	131.852	1018.971	38.052	34.095	0	0	0	0	0
00:00:12.417	1557996986436	170.521	131.449	170.521	131.449	1071.273	40.524	33.659	0	0	0	0	0
00:00:12.434	1557996986453	172.365	132.081	172.365	132.081	1156.531	43.009	34.238	0	0	0	0	0
00:00:12.451	1557996986470	171.978	131.443	171.978	131.443	1124.533	42.482	33.703	0	0	0	0	0
00:00:12.467	1557996986486	172.143	131.845	172.143	131.845	1119.863	42.681	33.408	0	0	0	0	0
00:00:12.484	1557996986503	171.218	130.832	171.218	130.832	1120.547	42.881	33.271	0	0	0	0	0
00:00:12.501	1557996986520	171.588	131.494	171.588	131.494	1119.218	42.678	33.39	0	0	0	0	0
00:00:12.517	1557996986536	170.872	130.95	170.872	130.95	1102.646	41.992	33.434	0	0	0	0	0
00:00:12.534	1557996986553	170.942	131.511	170.942	131.511	1139.069	42.817	33.872	0	0	0	0	0
00:00:12.551	1557996986570	170.913	131.041	170.913	131.041	1137.273	42.047	34.438	0	0	0	0	0
00:00:12.567	1557996986586	170.725	131.755	170.725	131.755	1163.664	42.172	35.133	0	0	0	0	0
00:00:12.584	1557996986603	170.417	130.429	170.417	130.429	1093.143	42.401	32.825	0	0	0	0	0
00:00:12.601	1557996986620	170.883	132.02	170.883	132.02	1172.875	42.811	34.882	0	0	0	0	0
00:00:12.617	1557996986636	170.507	131.097	170.507	131.097	1136.781	42.078	34.398	0	0	0	0	0
00:00:12.634	1557996986653	170.197	131.1	170.197	131.1	1111.328	42.067	33.636	0	0	0	0	0
00:00:12.651	1557996986670	117.065	92.053	170.585	131.145	1158.848	42.434	34.771	0	0	0	0	0
00:00:12.667	1557996986686	170.605	131.448	170.605	131.448	1135.573	42.492	34.027	0	0	0	0	0
00:00:12.684	1557996986703	170.577	130.581	170.577	130.581	1086.936	42.69	32.418	0	0	0	0	0
00:00:12.701	1557996986720	170.787	131.7	170.787	131.7	1132.454	42.299	34.088	0	0	0	0	0
00:00:12.717	1557996986736	169.857	130.547	169.857	130.547	1064.937	41.136	32.962	0	0	0	0	0
00:00:12.734	1557996986753	170.159	131.624	170.159	131.624	1098.486	41.122	34.012	0	0	0	0	0
00:00:12.751	1557996986770	169.787	130.856	169.787	130.856	1070.505	39.947	34.121	0	0	0	0	0
00:00:12.767	1557996986786	170.657	131.715	170.657	131.715	1105.878	41.442	33.976	0	0	0	0	0
00:00:12.784	1557996986803	170.403	130.809	170.403	130.809	1060.59	40.81	33.09	0	0	0	0	0
00:00:12.801	1557996986820	170.256	131.43	170.256	131.43	1070.429	41.217	33.067	0	0	0	0	0
00:00:12.817	1557996986836	181.323	124.277	166.436	130.478	971.847	38.955	31.764	0	0	0	0	0
00:00:12.834	1557996986853	171.08	125.104	156.655	131.989	958.41	38.776	31.47	0	0	0	0	0
00:00:12.851	1557996986870	162.976	126.386	146.549	132.441	992.226	39.966	31.61	0	0	0	0	0
00:00:12.867	1557996986886	159.24	126.907	141.119	134.539	1055.149	40.922	32.83	0	0	0	0	0
00:00:12.884	1557996986903	159.678	126.814	140.964	134.054	1051.907	41.068	32.613	0	0	0	0	0
00:00:12.901	1557996986920	159.408	126.83	141.153	134.671	1060.626	40.394	33.432	0	0	0	0	0
00:00:12.917	1557996986936	159.573	127.044	141.273	133.91	1043.676	40.038	33.189	0	0	0	0	0
00:00:12.934	1557996986953	159.846	126.847	141.398	134.515	1051.475	40.617	32.961	0	0	0	0	0
00:00:12.951	1557996986970	160.003	126.868	141.667	133.74	1041.778	40.623	32.652	0	0	0	0	0
00:00:12.967	1557996986986	159.918	126.862	141.745	134.384	1038.426	39.853	33.176	0	0	0	0	0
00:00:12.984	1557996987003	160.173	126.541	141.856	133.687	1033.922	40.251	32.706	0	0	0	0	0
00:00:13.001	1557996987020	159.954	126.777	141.754	134.11	1039.701	40.202	32.928	0	0	0	0	0
00:00:13.017	1557996987036	160.105	126.304	141.915	133.522	1033.027	40.435	32.528	0	0	0	0	0
00:00:13.034	1557996987053	160.066	126.468	141.999	134.056	1039.457	40.331	32.816	0	0	0	0	0
00:00:13.051	1557996987070	160.042	126.635	142.152	133.381	1016.739	39.934	32.417	0	0	0	0	0
00:00:13.067	1557996987086	160.038	126.511	142.163	133.892	1050.179	40.657	32.888	0	0	0	0	0
00:00:13.084	1557996987103	159.994	126.436	142.11	133.408	1025.716	40.034	32.621	0	0	0	0	0
00:00:13.101	1557996987120	160.371	126.573	142.216	133.832	1045.466	40.646	32.75	0	0	0	0	0
00:00:13.117	1557996987136	160.268	126.214	142.308	133.236	1035.038	40.548	32.501	0	0	0	0	0
00:00:13.134	1557996987153	160.491	126.245	142.3	133.743	1052.316	40.539	33.051	0	0	0	0	0
00:00:13.151	1557996987170	160.462	126.388	142.4	133.4	1057.751	40.853	32.966	0	0	0	0	0
00:00:13.167	1557996987186	159.953	126.46	142.363	133.716	1063.713	40.75	33.236	0	0	0	0	0
00:00:13.184	1557996987203	160.445	125.901	142.41	132.96	1049.483	40.42	33.059	0	0	0	0	0
00:00:13.201	1557996987220	159.991	126.206	142.206	133.716	1061.115	41.261	32.744	0	0	0	0	0
00:00:13.217	1557996987236	160.228	126.468	142.255	133.062	1073.17	41.63	32.822	0	0	0	0	0
00:00:13.234	1557996987253	160.309	126.322	142.463	133.644	1072.81	41.355	33.03	0	0	0	0	0
00:00:13.251	1557996987270	160.182	126.155	142.441	132.948	1080.941	41.664	33.033	0	0	0	0	0
00:00:13.267	1557996987286	160.552	126.138	142.553	133.536	1081.141	41.875	32.873	0	0	0	0	0
00:00:13.284	1557996987303	160.395	126.235	142.482	132.905	1103.358	41.767	33.635	0	0	0	0	0
00:00:13.301	1557996987320	160.695	126.103	142.438	133.556	1081.226	41.283	33.347	0	0	0	0	0
00:00:13.317	1557996987336	160.228	126.263	142.683	132.866	1104.048	41.538	33.842	0	0	0	0	0
00:00:13.334	1557996987353	160.546	126.178	142.645	133.846	1118.916	42.229	33.737	0	0	0	0	0
00:00:13.351	1557996987370	160.624	126.153	142.639	132.879	1102.421	42.078	33.358	0	0	0	0	0
00:00:13.367	1557996987386	160.457	126.366	142.74	133.512	1110.951	42.101	33.598	0	0	0	0	0
00:00:13.384	1557996987403	160.751	126.364	142.631	133.004	1124.876	42.008	34.095	0	0	0	0	0
00:00:13.401	1557996987420	160.856	126.193	142.85	133.557	1121.951	42.555	33.569	0	0	0	0	0
00:00:13.417	1557996987436	160.395	126.631	142.715	133.102	1130.365	42.341	33.991	0	0	0	0	0
00:00:13.434	1557996987453	160.763	126.179	142.782	133.471	1119.036	41.948	33.965	0	0	0	0	0
00:00:13.451	1557996987470	160.701	126.491	142.828	132.958	1131.818	42.553	33.866	0	0	0	0	0
00:00:13.467	1557996987486	160.675	126.109	142.441	133.652	1133.229	42.288	34.12	0	0	0	0	0
00:00:13.484	1557996987503	160.466	126.303	142.594	132.974	1141.614	42.738	34.01	0	0	0	0	0
00:00:13.501	1557996987520	160.967	126.724	142.651	133.788	1147.397	42.65	34.254	0	0	0	0	0
00:00:13.517	1557996987536	160.538	126.492	142.8	133.053	1156.384	43.125	34.141	0	0	0	0	0
00:00:13.534	1557996987553	160.653	126.559	142.685	133.688	1144.313	42.457	34.317	0	0	0	0	0
00:00:13.551	1557996987570	160.568	126.28	142.734	133.018	1153.841	42.709	34.398	0	0	0	0	0
00:00:13.567	1557996987586	160.391	126.384	143.203	133.722	1153.314	42.744	34.355	0	0	0	0	0
00:00:13.584	1557996987603	143.599	133.753	143.599	133.753	1123.154	42.263	33.837	0	0	0	0	0
00:00:13.601	1557996987620	0	0	0	0	0	0	0	0	0	0	0	0
00:00:13.617	1557996987636	0	0	0	0	0	0	0	0	0	0	0	0
00:00:13.634	1557996987653	329.108	48.243	329.108	48.243	3792.969	84.062	57.45	0	0	0	0	0
00:00:13.651	1557996987670	0	0	0	0	0	0	0	0	0	0	0	0
00:00:13.667	1557996987686	0	0	0	0	0	0	0	0	0	0	0	0
00:00:13.684	1557996987703	179.053	118.595	0	0	0	0	0	0	0	0	0	0
00:00:13.701	1557996987720	162.143	127.125	144.792	134.741	1001.233	42.413	30.057	0	0	0	0	0
00:00:13.717	1557996987736	162.357	125.182	145.332	131.873	1150.232	42.243	34.669	0	0	0	0	0
00:00:13.734	1557996987753	162.957	125.959	145.693	132.611	1176.017	42.598	35.151	0	0	0	0	0
00:00:13.751	1557996987770	162.702	125.232	145.824	131.926	1185.513	43.046	35.066	0	0	0	0	0
00:00:13.767	1557996987786	163.159	126.023	145.854	132.815	1187.78	42.793	35.34	0	0	0	0	0
00:00:13.784	1557996987803	162.772	125.321	145.684	131.989	1187.258	43.109	35.066	0	0	0	0	0
00:00:13.801	1557996987820	163.126	125.89	145.77	132.776	1200.02	42.866	35.644	0	0	0	0	0
00:00:13.817	1557996987836	163.229	125.436	145.84	131.985	1179.564	43.197	34.768	0	0	0	0	0
00:00:13.834	1557996987853	163.112	125.913	145.823	132.276	1169.809	43.103	34.556	0	0	0	0	0
00:00:13.851	1557996987870	162.968	125.554	145.797	132.129	1209.902	43.554	35.37	0	0	0	0	0
00:00:13.867	1557996987886	163.354	126.141	145.804	132.649	1183.56	43.304	34.8	0	0	0	0	0
00:00:13.884	1557996987903	163.402	125.173	146.228	131.84	1198.913	43.576	35.031	0	0	0	0	0
00:00:13.901	1557996987920	163.384	126.155	146.334	132.379	1197.497	43.472	35.073	0	0	0	0	0
00:00:13.917	1557996987936	163.726	125.065	146.106	131.477	1192.507	43.7	34.745	0	0	0	0	0
00:00:13.934	1557996987953	163.505	125.238	146.351	132.233	1201.266	43.237	35.375	0	0	0	0	0
00:00:13.951	1557996987970	163.921	125.098	146.464	131.163	1195.816	43.831	34.737	0	0	0	0	0
00:00:13.967	1557996987986	146.538	131.854	146.538	131.854	1212.632	44.267	34.879	0	0	0	0	0
00:00:13.984	1557996988003	164.282	124.842	146.905	130.861	1193.323	43.61	34.84	0	0	0	0	0
00:00:14.001	1557996988020	146.697	131.271	146.697	131.271	1203.096	44.265	34.606	0	0	0	0	0
00:00:14.017	1557996988036	146.937	130.52	146.937	130.52	1214.121	44.102	35.052	0	0	0	0	0
00:00:14.034	1557996988053	163.623	125.42	146.665	131.008	1203.561	43.919	34.892	0	0	0	0	0
00:00:14.051	1557996988070	162.241	128.091	143.828	133.451	1236.235	44.417	35.437	0	0	0	0	0
00:00:14.067	1557996988086	161.956	129.536	143.011	137.192	1273.162	44.73	36.241	0	0	0	0	0
00:00:14.084	1557996988103	161.829	130.033	143.898	137.438	1286.922	44.28	37.004	0	0	0	0	0
00:00:14.101	1557996988120	161.791	129.222	143.946	137.117	1258.004	44.676	35.853	0	0	0	0	0
00:00:14.117	1557996988136	162.202	129.459	144.336	136.841	1275.191	44.609	36.397	0	0	0	0	0
00:00:14.134	1557996988153	162.448	129.135	144.457	137.054	1262.431	44.384	36.215	0	0	0	0	0
00:00:14.151	1557996988170	162.361	129.3	144.312	136.308	1267.393	44.612	36.172	0	0	0	0	0
00:00:14.167	1557996988186	162.348	129.016	144.397	136.516	1248.95	44.85	35.456	0	0	0	0	0
00:00:14.184	1557996988203	162.457	128.976	144.657	135.996	1234.777	44.117	35.637	0	0	0	0	0
00:00:14.201	1557996988220	162.559	128.322	144.623	136.244	1231.926	44.139	35.536	0	0	0	0	0
00:00:14.217	1557996988236	162.224	128.665	144.495	135.843	1242.655	44.251	35.755	0	0	0	0	0
00:00:14.234	1557996988253	161.895	128.606	144.297	136.025	1219.422	44.588	34.821	0	0	0	0	0
00:00:14.251	1557996988270	163.234	127.775	144.847	135.372	1241.409	44.304	35.677	0	0	0	0	0
00:00:14.267	1557996988286	146.566	134.397	146.566	134.397	1197.362	43.118	35.357	0	0	0	0	0
00:00:14.284	1557996988303	148.934	129.848	148.934	129.848	1172.71	42.956	34.76	0	0	0	0	0
00:00:14.301	1557996988320	103.905	88.365	149.71	127.573	1163.955	43.758	33.868	0	0	0	0	0
00:00:14.317	1557996988336	103.937	86.254	149.944	126.623	1198.992	44.389	34.392	0	0	0	0	0
00:00:14.334	1557996988353	149.802	127.47	149.802	127.47	1187.179	44.237	34.169	0	0	0	0	0
00:00:14.351	1557996988370	149.769	126.959	149.769	126.959	1189.121	43.784	34.58	0	0	0	0	0
00:00:14.367	1557996988386	149.612	127.599	149.612	127.599	1180.015	44.024	34.128	0	0	0	0	0
00:00:14.384	1557996988403	172.488	103.886	149.652	127.174	1178.324	44.289	33.875	0	0	0	0	0
00:00:14.401	1557996988420	149.589	127.694	149.589	127.694	1181.234	43.982	34.195	0	0	0	0	0
00:00:14.417	1557996988436	149.19	127.535	149.19	127.535	1211.644	44.343	34.791	0	0	0	0	0
00:00:14.434	1557996988453	149.238	128.022	149.238	128.022	1196.136	44.562	34.177	0	0	0	0	0
00:00:14.451	1557996988470	149.221	127.529	149.221	127.529	1188.753	43.881	34.493	0	0	0	0	0
00:00:14.467	1557996988486	148.958	128.285	148.958	128.285	1179.736	44.124	34.042	0	0	0	0	0
00:00:14.484	1557996988503	148.616	127.596	148.616	127.596	1183.952	43.895	34.342	0	0	0	0	0
00:00:14.501	1557996988520	148.348	128.123	148.348	128.123	1190.756	44.196	34.304	0	0	0	0	0
00:00:14.517	1557996988536	148.953	127.624	148.953	127.624	1162.824	43.085	34.364	0	0	0	0	0
00:00:14.534	1557996988553	155.536	130.585	155.536	130.585	889.178	41.274	27.43	0	0	0	0	0
00:00:14.551	1557996988570	0	0	0	0	0	0	0	0	0	0	0	0
00:00:14.567	1557996988586	0	0	0	0	0	0	0	0	0	0	0	0
00:00:14.584	1557996988603	0	0	0	0	0	0	0	0	0	0	0	0
00:00:14.601	1557996988620	0	0	0	0	0	0	0	0	0	0	0	0
00:00:14.617	1557996988636	0	0	0	0	0	0	0	0	0	0	0	0
00:00:14.634	1557996988653	0	0	0	0	0	0	0	0	0	0	0	0
00:00:14.651	1557996988670	0	0	0	0	0	0	0	0	0	0	0	0
00:00:14.667	1557996988686	0	0	0	0	0	0	0	0	0	0	0	0
00:00:14.684	1557996988703	0	0	0	0	0	0	0	0	0	0	0	0
00:00:14.701	1557996988720	229.927	145.388	205.233	158.422	649.182	36.747	22.493	0	0	0	0	0
00:00:14.717	1557996988736	228.856	144.64	204.232	158.019	896.283	40.005	28.526	0	0	0	0	0
00:00:14.734	1557996988753	229.222	146.196	205.01	159.14	985.371	38.463	32.618	0	0	0	0	0
00:00:14.751	1557996988770	226.416	144.628	202.393	157.503	1119.878	38.378	37.153	0	0	0	0	0
00:00:14.767	1557996988786	220.697	144.047	197.067	155.908	1273.552	42.508	38.146	0	0	0	0	0
00:00:14.784	1557996988803	217.771	141.973	194.456	153.699	1283.857	42.398	38.555	0	0	0	0	0
00:00:14.801	1557996988820	215.045	140.465	191.888	151.709	1294.445	42.941	38.382	0	0	0	0	0
00:00:14.817	1557996988836	212.563	139.015	189.974	149.928	1297.505	43.079	38.349	0	0	0	0	0
00:00:14.834	1557996988853	210.647	138.468	187.766	148.689	1284.306	43.831	37.308	0	0	0	0	0
00:00:14.851	1557996988870	208.712	135.828	186.199	146.29	1257.969	44.08	36.336	0	0	0	0	0
00:00:14.867	1557996988886	206.979	135.692	184.545	145.929	1259.621	43.588	36.795	0	0	0	0	0
00:00:14.884	1557996988903	205.487	134.079	183.057	144.152	1237.54	44.15	35.69	0	0	0	0	0
00:00:14.901	1557996988920	204.793	134.871	182.461	144.537	1250.016	44.122	36.072	0	0	0	0	0
00:00:14.917	1557996988936	204.394	132.854	182.469	142.188	1175.176	45.227	33.084	0	0	0	0	0
00:00:14.934	1557996988953	203.618	133.28	181.756	143.309	1189.78	42.582	35.575	0	0	0	0	0
00:00:14.951	1557996988970	202.515	131.939	180.283	141.954	1168.442	42.154	35.292	0	0	0	0	0
00:00:14.967	1557996988986	202.021	131.382	179.419	141.952	1146.638	43.133	33.847	0	0	0	0	0
00:00:14.984	1557996989003	201.876	131.595	179.772	141.597	1128.134	41.4	34.695	0	0	0	0	0
00:00:15.001	1557996989020	201.903	132.157	179.03	141.67	1104.09	41.309	34.031	0	0	0	0	0
00:00:15.017	1557996989036	201.258	131.367	178.934	141.12	1088.769	40.864	33.924	0	0	0	0	0
00:00:15.034	1557996989053	201.504	130.272	179.178	140.457	988.2	40.512	31.058	0	0	0	0	0
00:00:15.051	1557996989070	200.926	130.629	178.411	139.912	1009.189	39.728	32.344	0	0	0	0	0
00:00:15.067	1557996989086	200.96	130.262	178.226	140.089	953.695	39.229	30.954	0	0	0	0	0
00:00:15.084	1557996989103	200.761	130.63	178.248	139.886	962.955	38.139	32.147	0	0	0	0	0
00:00:15.101	1557996989120	200.675	130.932	177.99	140.264	942.072	38.139	31.45	0	0	0	0	0
00:00:15.117	1557996989136	116.233	93.677	177.622	139.464	915.865	36.07	32.329	0	0	0	0	0
00:00:15.134	1557996989153	200.257	130.099	176.945	138.776	825.83	37.82	27.802	0	0	0	0	0
00:00:15.151	1557996989170	200.798	130.107	177.637	139.336	865.911	34.989	31.511	0	0	0	0	0
00:00:15.167	1557996989186	200.746	129.07	177.616	139.06	830.084	36.361	29.067	0	0	0	0	0
00:00:15.184	1557996989203	200.318	129.36	177.365	139.495	903.728	36.637	31.407	0	0	0	0	0
00:00:15.201	1557996989220	200.401	130.317	177.087	139.669	867.081	35.219	31.347	0	0	0	0	0
00:00:15.217	1557996989236	200.052	129.71	177.192	139.065	830.785	35.3	29.966	0	0	0	0	0
00:00:15.234	1557996989253	199.847	129.745	176.782	139.136	758.321	35.28	27.368	0	0	0	0	0
00:00:15.251	1557996989270	199.594	129.084	175.782	139.257	794.35	32.846	30.792	0	0	0	0	0
00:00:15.267	1557996989286	200.211	130.181	176.952	139.324	802.815	35.366	28.903	0	0	0	0	0
00:00:15.284	1557996989303	200.204	129.92	176.938	138.803	805.427	35.794	28.65	0	0	0	0	0
00:00:15.301	1557996989320	200.051	130.052	176.114	140.073	794.089	33.887	29.837	0	0	0	0	0
00:00:15.317	1557996989336	200.214	129.514	176.911	139.688	816.172	35.43	29.331	0	0	0	0	0
00:00:15.334	1557996989353	200.989	130.215	178.462	141.089	810.734	36.293	28.442	0	0	0	0	0
00:00:15.351	1557996989370	201.651	131.34	178.061	141.13	812.387	35.069	29.495	0	0	0	0	0
00:00:15.367	1557996989386	201.881	131.205	178.675	141.803	832.592	35.654	29.732	0	0	0	0	0
00:00:15.384	1557996989403	202.034	131.185	178.981	141.763	806.705	34.84	29.481	0	0	0	0	0
00:00:15.401	1557996989420	202.37	130.813	179.091	141.771	800.838	35.503	28.72	0	0	0	0	0
00:00:15.417	1557996989436	202.432	131.017	178.982	141.107	819.445	34.981	29.826	0	0	0	0	0
00:00:15.434	1557996989453	202.82	131.167	179.759	141.408	788.422	34.729	28.905	0	0	0	0	0
00:00:15.451	1557996989470	203.056	130.622	179.862	141.453	809.06	34.617	29.758	0	0	0	0	0
00:00:15.467	1557996989486	203.078	130.997	179.809	142.074	791.193	35.307	28.532	0	0	0	0	0
00:00:15.484	1557996989503	203.135	130.584	179.923	141.248	820.947	34.672	30.147	0	0	0	0	0
00:00:15.501	1557996989520	203.31	131.428	179.881	141.289	705.76	32.462	27.682	0	0	0	0	0
00:00:15.517	1557996989536	203.18	130.751	179.907	141.104	771.569	34.579	28.41	0	0	0	0	0
00:00:15.534	1557996989553	203.256	131.118	180.06	141.839	743.162	34.791	27.197	0	0	0	0	0
00:00:15.551	1557996989570	203.478	131.591	180.335	141.666	767.472	34.719	28.146	0	0	0	0	0
00:00:15.567	1557996989586	203.293	131.312	179.941	141.932	756.677	34.425	27.986	0	0	0	0	0
00:00:15.584	1557996989603	203.188	131.067	179.73	141.442	748.927	32.873	29.007	0	0	0	0	0
00:00:15.601	1557996989620	203.376	131.315	180.186	142.276	681.696	35.174	24.676	0	0	0	0	0
00:00:15.617	1557996989636	203.277	131.456	180.156	142.102	777.281	34.261	28.886	0	0	0	0	0
00:00:15.634	1557996989653	203.513	131.502	180.629	142.194	695.363	32.759	27.027	0	0	0	0	0
00:00:15.651	1557996989670	203.342	131.052	179.887	141.549	719.503	32.43	28.249	0	0	0	0	0
00:00:15.667	1557996989686	203.542	131.753	180.42	142.49	679.447	32.812	26.365	0	0	0	0	0
00:00:15.684	1557996989703	203.527	131.489	180.389	141.96	697.467	32.339	27.46	0	0	0	0	0
00:00:15.701	1557996989720	203.192	131.302	179.968	142.334	671.587	32.38	26.408	0	0	0	0	0
00:00:15.717	1557996989736	203.281	131.67	180.114	141.82	703.777	33.41	26.82	0	0	0	0	0
00:00:15.734	1557996989753	203.353	132.278	180.256	143.036	690.93	32.556	27.021	0	0	0	0	0
00:00:15.751	1557996989770	203.1	131.535	179.725	142.407	695.139	32.61	27.141	0	0	0	0	0
00:00:15.767	1557996989786	203.009	131.514	179.697	142.473	664.953	32.315	26.2	0	0	0	0	0
00:00:15.784	1557996989803	203.023	131.425	179.726	142.295	693.361	32.684	27.011	0	0	0	0	0
00:00:15.801	1557996989820	203.172	131.242	179.838	142.238	674.37	32.23	26.641	0	0	0	0	0
00:00:15.817	1557996989836	203.25	130.751	180.46	141.33	649.565	33.277	24.854	0	0	0	0	0
00:00:15.834	1557996989853	202.942	131.151	179.845	142.131	656.173	32.723	25.532	0	0	0	0	0
00:00:15.851	1557996989870	202.723	131.513	179.318	141.677	640.581	30.234	26.976	0	0	0	0	0
00:00:15.867	1557996989886	202.773	131.089	179.775	141.938	655.817	33.101	25.226	0	0	0	0	0
00:00:15.884	1557996989903	202.813	131.45	179.511	142.358	659.098	31.25	26.854	0	0	0	0	0
00:00:15.901	1557996989920	202.172	130.782	178.575	141.711	609.6	30.304	25.613	0	0	0	0	0
00:00:15.917	1557996989936	202.011	131.111	178.575	141.711	609.6	30.304	25.613	0	0	0	0	0
00:00:15.934	1557996989953	201.843	130.894	178.247	141.548	606.687	30.656	25.198	0	0	0	0	0
00:00:15.951	1557996989970	202.099	131.428	178.75	142.096	661.31	31.289	26.911	0	0	0	0	0
00:00:15.967	1557996989986	202.022	131.434	178.75	142.096	661.31	31.289	26.911	0	0	0	0	0
00:00:15.984	1557996990003	201.853	131.055	178.411	141.803	637.736	32.289	25.147	0	0	0	0	0
00:00:16.001	1557996990020	201.926	132.116	178.689	143.035	651.008	33.603	24.667	0	0	0	0	0
00:00:16.017	1557996990036	201.735	132.078	178.689	143.035	651.008	33.603	24.667	0	0	0	0	0
00:00:16.034	1557996990053	201.268	131.669	177.446	142.325	604.414	30.081	25.583	0	0	0	0	0
00:00:16.051	1557996990070	201.486	130.837	178.051	141.204	627.627	32.716	24.426	0	0	0	0	0
00:00:16.067	1557996990086	201.283	130.777	178.051	141.204	627.627	32.716	24.426	0	0	0	0	0
00:00:16.084	1557996990103	201.43	131.234	178.085	141.881	642.322	31.939	25.606	0	0	0	0	0
00:00:16.101	1557996990120	200.986	131.278	177.558	142.28	594.665	29.03	26.082	0	0	0	0	0
00:00:16.117	1557996990136	201.045	131.454	177.558	142.28	594.665	29.03	26.082	0	0	0	0	0
00:00:16.134	1557996990153	201.014	131.18	177.669	142.631	640.249	31.931	25.53	0	0	0	0	0
00:00:16.151	1557996990170	200.979	131.618	177.755	141.829	662.406	32.235	26.164	0	0	0	0	0
00:00:16.167	1557996990186	200.878	130.891	177.755	141.829	662.406	32.235	26.164	0	0	0	0	0
00:00:16.184	1557996990203	200.908	130.9	177.801	141.627	643.366	31.547	25.967	0	0	0	0	0
00:00:16.201	1557996990220	199.925	131.325	176.362	141.852	599.811	30.019	25.441	0	0	0	0	0
00:00:16.217	1557996990236	199.986	130.975	176.362	141.852	599.811	30.019	25.441	0	0	0	0	0
00:00:16.234	1557996990253	199.882	130.436	176.233	141.141	618.143	32.143	24.486	0	0	0	0	0
00:00:16.251	1557996990270	199.755	130.647	176.337	141.112	661.291	31.81	26.469	0	0	0	0	0
00:00:16.267	1557996990286	199.794	130.191	176.337	141.112	661.291	31.81	26.469	0	0	0	0	0
00:00:16.284	1557996990303	199.845	131.303	176.971	141.688	634.922	31.576	25.602	0	0	0	0	0
00:00:16.301	1557996990320	199.248	130.554	175.885	141.707	633.463	30.505	26.44	0	0	0	0	0
00:00:16.317	1557996990336	199.286	130.85	175.885	141.707	633.463	30.505	26.44	0	0	0	0	0
00:00:16.334	1557996990353	198.978	129.731	175.468	140.257	631.005	31.817	25.251	0	0	0	0	0
00:00:16.351	1557996990370	199.285	130.074	176.184	139.66	585.336	32.074	23.236	0	0	0	0	0
00:00:16.367	1557996990386	199.088	129.391	176.184	139.66	585.336	32.074	23.236	0	0	0	0	0
00:00:16.384	1557996990403	198.407	130.269	174.758	139.783	580.992	32.249	22.938	0	0	0	0	0
00:00:16.401	1557996990420	155.727	106.045	174.923	140.582	618.794	30.875	25.518	0	0	0	0	0
00:00:16.417	1557996990436	198.532	130.459	174.923	140.582	618.794	30.875	25.518	0	0	0	0	0
00:00:16.434	1557996990453	198.35	129.276	174.888	139.901	630.74	31.784	25.266	0	0	0	0	0
00:00:16.451	1557996990470	198.167	130.564	174.822	140.375	642.738	31.581	25.913	0	0	0	0	0
00:00:16.467	1557996990486	198.139	129.635	174.822	140.375	642.738	31.581	25.913	0	0	0	0	0
00:00:16.484	1557996990503	198.003	130.281	174.523	141.587	632.911	31.131	25.886	0	0	0	0	0
00:00:16.501	1557996990520	198.343	130.005	175.271	140.714	639.87	32.416	25.133	0	0	0	0	0
00:00:16.517	1557996990536	198.081	130.868	174.922	140.911	633.296	31.118	25.913	0	0	0	0	0
00:00:16.534	1557996990553	197.903	130.352	174.638	140.247	670.721	31.878	26.789	0	0	0	0	0
00:00:16.551	1557996990570	198.287	130.062	175.084	140.128	649.278	32.688	25.29	0	0	0	0	0
00:00:16.567	1557996990586	197.832	130.369	175.084	140.128	649.278	32.688	25.29	0	0	0	0	0
00:00:16.584	1557996990603	198.011	130.683	174.699	140.945	647.789	31.311	26.342	0	0	0	0	0
00:00:16.601	1557996990620	198.04	129.809	174.709	140.543	678.068	32.811	26.313	0	0	0	0	0
00:00:16.617	1557996990636	197.831	130.828	174.53	141.104	670.144	32.917	25.921	0	0	0	0	0
00:00:16.634	1557996990653	197.708	129.745	174.332	139.891	650.297	31.57	26.227	0	0	0	0	0
00:00:16.651	1557996990670	197.573	130.713	174.332	141.016	633.382	31.688	25.45	0	0	0	0	0
00:00:16.667	1557996990686	197.88	129.749	174.829	140.487	659.896	31.223	26.91	0	0	0	0	0
00:00:16.684	1557996990703	197.738	130.291	174.371	140.952	625.255	30.972	25.704	0	0	0	0	0
00:00:16.701	1557996990720	197.489	129.877	174.134	140.672	670.504	31.941	26.728	0	0	0	0	0
00:00:16.717	1557996990736	197.77	130.664	174.37	140.756	632.873	32.119	25.088	0	0	0	0	0
00:00:16.734	1557996990753	197.705	130.247	174.459	140.347	674.71	33.152	25.913	0	0	0	0	0
00:00:16.751	1557996990770	197.905	130.523	174.482	141.159	626.738	31.588	25.262	0	0	0	0	0
00:00:16.767	1557996990786	197.887	130.223	174.755	140.684	686	32.561	26.825	0	0	0	0	0
00:00:16.784	1557996990803	198.12	130.809	174.844	141.234	659.058	32.654	25.698	0	0	0	0	0
00:00:16.801	1557996990820	197.829	130.115	174.484	140.483	663.429	32.31	26.143	0	0	0	0	0
00:00:16.817	1557996990836	197.581	130.624	173.975	141.251	635.582	30.873	26.212	0	0	0	0	0
00:00:16.834	1557996990853	197.915	130.005	174.679	140.933	684.602	32.205	27.066	0	0	0	0	0
00:00:16.851	1557996990870	197.68	130.436	174.264	140.9	607.715	30.704	25.201	0	0	0	0	0
00:00:16.867	1557996990886	198.172	129.824	175.185	140.733	683.579	33.525	25.961	0	0	0	0	0
00:00:16.884	1557996990903	198.036	130.326	174.652	141.019	633.219	32.682	24.669	0	0	0	0	0
00:00:16.901	1557996990920	198.008	129.84	174.955	140.518	649.234	31.661	26.109	0	0	0	0	0
00:00:16.917	1557996990936	197.763	130.201	173.649	141.264	608.371	29.234	26.497	0	0	0	0	0
00:00:16.934	1557996990953	197.95	130.883	174.498	141.089	650.117	30.229	27.383	0	0	0	0	0
00:00:16.951	1557996990970	198.185	130.378	174.795	140.371	591.479	31.773	23.702	0	0	0	0	0
00:00:16.967	1557996990986	198.336	130.177	175.244	140.52	640.198	32.428	25.137	0	0	0	0	0
00:00:16.984	1557996991003	197.924	130.441	173.957	141.088	569.666	30.832	23.525	0	0	0	0	0
00:00:17.001	1557996991020	198.943	129.538	176.162	139.971	621.621	32.518	24.339	0	0	0	0	0
00:00:17.017	1557996991036	198.306	130.56	174.8	140.616	591.521	30.537	24.663	0	0	0	0	0
00:00:17.034	1557996991053	197.986	130.34	174.877	140.089	643.091	31.893	25.674	0	0	0	0	0
00:00:17.051	1557996991070	198.263	130.853	174.534	141.252	580.988	30.887	23.95	0	0	0	0	0
00:00:17.067	1557996991086	198.65	130.214	175.408	140.751	668.397	31.721	26.828	0	0	0	0	0
00:00:17.084	1557996991103	198.449	130.799	175.245	141.279	629.519	30.563	26.225	0	0	0	0	0
00:00:17.101	1557996991120	198.318	129.509	174.791	140.128	614.119	31.4	24.902	0	0	0	0	0
00:00:17.117	1557996991136	198.338	130.309	174.811	140.773	596.412	30.428	24.957	0	0	0	0	0
00:00:17.134	1557996991153	198.711	130.212	175.586	140.386	628.063	32.317	24.745	0	0	0	0	0
00:00:17.151	1557996991170	198.468	130.836	175.36	140.842	619.132	30.584	25.775	0	0	0	0	0
00:00:17.167	1557996991186	198.554	130.189	175.419	140.946	619.682	30.623	25.765	0	0	0	0	0
00:00:17.184	1557996991203	198.282	131.175	175.238	141.586	634.216	30.615	26.376	0	0	0	0	0
00:00:17.201	1557996991220	198.566	130.761	175.091	141.092	652.515	31.6	26.291	0	0	0	0	0
00:00:17.217	1557996991236	198.152	130.825	174.694	140.511	563.777	31.303	22.931	0	0	0	0	0
00:00:17.234	1557996991253	198.763	130.462	175.552	141.226	638.744	31.029	26.21	0	0	0	0	0
00:00:17.251	1557996991270	198.433	131.12	174.95	141.13	584.024	31.772	23.404	0	0	0	0	0
00:00:17.267	1557996991286	198.491	130.09	175.094	140.781	607.656	30.568	25.31	0	0	0	0	0
00:00:17.284	1557996991303	198.569	131.113	175.476	141.268	592.818	31.497	23.964	0	0	0	0	0
00:00:17.301	1557996991320	198.422	130.243	175.126	140.973	619.447	30.777	25.627	0	0	0	0	0
00:00:17.317	1557996991336	198.557	131.141	175.09	141.528	622.337	31.636	25.047	0	0	0	0	0
00:00:17.334	1557996991353	199.151	130.695	175.756	140.878	604.122	31.214	24.643	0	0	0	0	0
